-3.860173746943473816e-02
-2.957222051918506622e-02
-6.400072574615478516e-01
-9.356768429279327393e-02
1.053592190146446228e-01
-2.969435229897499084e-02
4.144794493913650513e-02
-4.805742204189300537e-02
3.268845677375793457e-01
3.370852470397949219e-01
-3.153078490868210793e-03
2.200396955013275146e-01
3.417469263076782227e-01
1.262890696525573730e-01
-1.130664050579071045e-01
-2.463443279266357422e-01
2.478724122047424316e-01
3.054809272289276123e-01
1.490814611315727234e-03
1.319383829832077026e-01
-1.146412491798400879e-01
2.070819726213812828e-03
-1.176312640309333801e-01
-4.626896232366561890e-02
3.655438721179962158e-01
2.696807384490966797e-01
2.043641917407512665e-02
3.905980885028839111e-01
3.720479011535644531e-01
1.690257340669631958e-01
-1.485643684864044189e-01
4.939337074756622314e-02
3.166674673557281494e-01
3.149476647377014160e-01
3.225735723972320557e-01
-7.361741364002227783e-02
7.241484522819519043e-02
1.124433651566505432e-01
3.140378594398498535e-01
2.965553104877471924e-01
-1.926085054874420166e-01
2.133583724498748779e-01
3.791237771511077881e-01
1.957503408193588257e-01
-9.937729686498641968e-02
2.432111054658889771e-01
2.171357721090316772e-01
9.092544019222259521e-02
4.064838401973247528e-03
-5.426640436053276062e-02
6.026298180222511292e-02
3.471068441867828369e-01
-5.061850696802139282e-02
1.130963638424873352e-01
1.489915233105421066e-02
5.454264581203460693e-02
2.162679731845855713e-01
1.638125479221343994e-01
-2.599500119686126709e-02
3.553756177425384521e-01
-5.493386834859848022e-02
-8.753885328769683838e-02
2.828124761581420898e-01
1.863923296332359314e-02
-1.072402969002723694e-01
3.308111429214477539e-02
3.438589274883270264e-01
2.361235916614532471e-01
-4.727581515908241272e-02
4.024991393089294434e-01
1.925634033977985382e-02
-6.844258308410644531e-02
2.861289381980895996e-01
-3.573470562696456909e-02
2.263933122158050537e-01
-5.352256353944540024e-03
5.785918831825256348e-01
6.871283054351806641e-02
-2.732637524604797363e-01
-2.410822361707687378e-02
1.180113479495048523e-01
2.789529860019683838e-01
2.243789881467819214e-01
-1.201663911342620850e-01
-1.256564259529113770e-01
3.379306793212890625e-01
3.168588131666183472e-02
3.339409828186035156e-01
-9.516385197639465332e-02
4.596914630383253098e-03
2.042295783758163452e-01
-8.029609918594360352e-02
1.051401719450950623e-01
-1.823512762784957886e-01
-9.038815647363662720e-02
3.716584146022796631e-01
-8.701522648334503174e-02
-1.272345334291458130e-01
-2.934901975095272064e-02
8.468245714902877808e-02
