-1.667623408138751984e-02
-6.343417614698410034e-02
-5.547068715095520020e-01
6.462225914001464844e-01
3.291426226496696472e-02
-1.273846440017223358e-02
3.071872889995574951e-01
-2.916353568434715271e-02
4.039651155471801758e-02
1.094740107655525208e-01
-4.350622296333312988e-01
1.601278432644903660e-03
2.657976746559143066e-02
-1.630557142198085785e-02
-4.746077209711074829e-02
-1.804103553295135498e-01
6.957858800888061523e-02
5.866303294897079468e-02
-1.603363826870918274e-02
1.126715214923024178e-03
-2.432377934455871582e-01
-5.473241955041885376e-02
-4.439124092459678650e-02
1.681985147297382355e-02
9.983860701322555542e-02
1.487950086593627930e-01
-8.268249034881591797e-02
1.336602717638015747e-01
9.176294505596160889e-02
-1.592408865690231323e-01
-1.290397047996520996e-01
-6.240489333868026733e-02
9.833915531635284424e-02
9.735191613435745239e-02
6.959236413240432739e-02
-3.824758157134056091e-02
3.956238329410552979e-01
2.614072859287261963e-01
1.081084385514259338e-01
1.654008962213993073e-02
-2.333039641380310059e-01
1.291459309868514538e-03
9.111745655536651611e-02
3.835308924317359924e-02
-5.946202576160430908e-02
9.137000143527984619e-02
1.003966256976127625e-01
-1.347158253192901611e-01
-3.236600663512945175e-03
-2.996222302317619324e-02
3.562587201595306396e-01
1.675322502851486206e-01
-2.268878370523452759e-02
9.459136053919792175e-03
-2.530618011951446533e-01
-4.518721252679824829e-02
5.458281561732292175e-02
1.578773744404315948e-02
-3.328123129904270172e-03
6.037683039903640747e-02
-4.701965153217315674e-01
-2.806680044159293175e-03
5.637229769490659237e-04
-3.272991478443145752e-01
-2.433329075574874878e-02
-1.605943739414215088e-01
8.140432834625244141e-02
1.362778339534997940e-02
4.222593735903501511e-03
1.580049991607666016e-01
-5.110020190477371216e-02
-1.260260306298732758e-02
8.261357247829437256e-02
-2.170188352465629578e-02
3.463419899344444275e-02
-1.677246950566768646e-02
3.243429660797119141e-01
-7.581196725368499756e-02
-1.804834008216857910e-01
1.894180476665496826e-02
6.534834206104278564e-02
1.624291471671313047e-04
4.139403253793716431e-02
-2.048199065029621124e-02
-2.673042006790637970e-02
8.988545835018157959e-02
1.108921412378549576e-02
1.260035336017608643e-01
5.186845660209655762e-01
3.151489794254302979e-01
1.562023311853408813e-01
4.960088729858398438e-01
5.352602601051330566e-01
-5.049505829811096191e-01
-2.657007575035095215e-01
1.084155589342117310e-01
-3.739311695098876953e-01
-1.732186414301395416e-02
-6.495469715446233749e-03
4.842695593833923340e-01
