-1.442822068929672241e-01
3.234059736132621765e-02
-6.879366189241409302e-02
1.666946411132812500e-01
-5.713024735450744629e-01
-3.919590017176233232e-05
-2.968094050884246826e-01
3.932090476155281067e-02
2.896553575992584229e-01
-4.220980405807495117e-01
-5.040608346462249756e-02
-2.514043748378753662e-01
9.355429559946060181e-02
-4.990359768271446228e-02
-5.900650098919868469e-02
3.498671650886535645e-01
-1.513378508388996124e-02
-1.619624439626932144e-03
-1.063811965286731720e-02
1.709450618363916874e-03
-1.152347307652235031e-02
9.118264913558959961e-02
3.463567793369293213e-02
-4.910596087574958801e-02
-6.746798008680343628e-02
6.716874986886978149e-02
7.844901084899902344e-02
3.697564080357551575e-02
-4.138473793864250183e-02
-5.292858928442001343e-02
-5.503229796886444092e-02
1.927152834832668304e-02
-7.927147671580314636e-03
2.645132243633270264e-01
-6.849424540996551514e-02
2.819445356726646423e-02
1.062427014112472534e-01
1.299493610858917236e-01
-7.511612027883529663e-02
-2.971264161169528961e-02
-2.805273234844207764e-02
6.333707831799983978e-03
7.799261808395385742e-02
2.115740627050399780e-02
-7.722990959882736206e-02
1.821152679622173309e-02
-4.141523316502571106e-02
1.256185024976730347e-01
-1.992290765047073364e-01
9.957926720380783081e-02
1.026527956128120422e-01
6.588021665811538696e-02
-6.050705164670944214e-02
-5.053249653428792953e-03
-4.498036950826644897e-02
-8.827011287212371826e-02
4.028510674834251404e-02
2.031817659735679626e-02
-5.398805718868970871e-03
1.366243064403533936e-01
1.908137463033199310e-02
1.017564907670021057e-01
6.775733781978487968e-04
-1.278256997466087341e-02
3.945177048444747925e-02
6.829584389925003052e-02
-2.284639701247215271e-02
1.186430007219314575e-01
-2.969392202794551849e-02
8.933790028095245361e-02
1.284007579088211060e-01
-6.845775060355663300e-03
7.176502607762813568e-03
1.230093613266944885e-01
6.172506883740425110e-02
-6.321968510746955872e-03
-1.420765463262796402e-02
-5.536202713847160339e-02
4.202630370855331421e-03
8.820721507072448730e-02
2.295963838696479797e-02
2.719439566135406494e-02
1.764105074107646942e-02
-2.074264287948608398e-01
-2.965081632137298584e-01
-3.617359697818756104e-02
7.848059176467359066e-04
-2.636568620800971985e-02
9.518493898212909698e-03
-6.192825268954038620e-03
5.693620070815086365e-02
8.882266283035278320e-02
1.269997209310531616e-01
8.841308206319808960e-02
1.447137445211410522e-02
2.597331814467906952e-02
-1.913556770887225866e-04
-2.314846590161323547e-02
-1.365027576684951782e-01
4.818993434309959412e-02
