2.416807264089584351e-01
1.002337485551834106e-01
5.013869330286979675e-02
-1.249702870845794678e-01
3.272679150104522705e-01
1.242311373353004456e-01
2.347532063722610474e-01
4.138851761817932129e-01
3.602840378880500793e-02
2.845438122749328613e-01
3.971416875720024109e-02
-3.381429240107536316e-02
6.618236005306243896e-02
2.141310423612594604e-01
-7.603951729834079742e-03
-1.392737179994583130e-01
-9.291491657495498657e-02
-1.646563857793807983e-01
3.300777375698089600e-01
3.426497280597686768e-01
3.036455512046813965e-01
3.207416087388992310e-02
7.596461474895477295e-02
3.133533895015716553e-01
-3.848832845687866211e-02
-2.990096211433410645e-01
-2.652715444564819336e-01
-9.152158349752426147e-02
2.081253528594970703e-01
3.172289207577705383e-02
-1.095807850360870361e-01
1.662135571241378784e-01
2.978360354900360107e-01
3.386373817920684814e-01
-1.059361547231674194e-01
-1.014325022697448730e-01
1.335173398256301880e-01
6.115676462650299072e-02
2.255231291055679321e-01
2.321676537394523621e-02
-1.354690492153167725e-01
-7.762119174003601074e-02
-1.286022067070007324e-01
1.984812468290328979e-01
1.648584753274917603e-01
-1.040762364864349365e-01
-9.982895106077194214e-02
4.232008010149002075e-02
-1.076665967702865601e-01
3.021461367607116699e-01
-1.749254064634442329e-03
-5.571077764034271240e-02
-9.276425838470458984e-02
1.356836222112178802e-02
3.546401560306549072e-01
-2.929159253835678101e-02
3.696513473987579346e-01
2.704997062683105469e-01
-2.811511456966400146e-01
7.404192537069320679e-02
1.855876296758651733e-01
-6.969675421714782715e-02
2.466646879911422729e-01
2.942817509174346924e-01
-7.233507931232452393e-02
1.421153545379638672e-01
2.649246752262115479e-01
1.746672093868255615e-01
5.904293432831764221e-02
-3.101176619529724121e-01
1.671382933855056763e-01
-1.504192948341369629e-01
-3.329494893550872803e-01
2.371253371238708496e-01
-1.549408677965402603e-02
-1.648306101560592651e-01
-9.012547880411148071e-02
3.507493808865547180e-02
-1.065418049693107605e-01
2.109333425760269165e-01
3.511960804462432861e-01
2.883514165878295898e-01
2.158814817667007446e-01
2.089774906635284424e-01
2.889704704284667969e-01
3.149173855781555176e-01
2.558289170265197754e-01
-1.156157851219177246e-01
-1.073492914438247681e-01
3.489176630973815918e-01
6.033578515052795410e-02
-1.683650910854339600e-01
-5.775400996208190918e-02
-5.211952328681945801e-02
2.542966306209564209e-01
2.387589961290359497e-01
-1.464261263608932495e-01
-1.354498267173767090e-01
-1.170102208852767944e-01
-4.598067700862884521e-02
