7.305476069450378418e-02
2.272366732358932495e-01
1.396745559759438038e-03
2.009941935539245605e-01
5.104219540953636169e-02
1.770143047906458378e-03
1.037619262933731079e-01
5.176116824150085449e-01
1.131321914726868272e-04
2.244596369564533234e-02
-2.773337438702583313e-02
-1.832942664623260498e-01
3.787862951867282391e-04
1.053232932463288307e-03
-4.373423382639884949e-02
-9.840480983257293701e-03
2.786553651094436646e-02
4.199481308460235596e-01
1.239341124892234802e-01
1.030711755156517029e-01
1.013535484671592712e-01
-7.746651768684387207e-02
-2.251295596361160278e-01
4.472134634852409363e-02
6.446767598390579224e-03
-3.460638225078582764e-01
-4.670730829238891602e-01
-1.504106796346604824e-03
4.980910196900367737e-02
4.764272868633270264e-01
9.373376145958900452e-03
3.822650760412216187e-02
1.273054331541061401e-01
9.849527478218078613e-02
-5.201507359743118286e-02
-2.403181940317153931e-01
1.226903405040502548e-03
-4.260124478605575860e-05
6.920761428773403168e-03
-2.110004276037216187e-01
7.754433434456586838e-03
-2.514638304710388184e-01
6.940780207514762878e-03
3.631560131907463074e-02
3.965237364172935486e-02
-3.388199210166931152e-01
-3.494412451982498169e-02
3.134392201900482178e-01
-2.138762734830379486e-02
2.516189403831958771e-02
5.156336352229118347e-03
-4.129138588905334473e-02
-2.797485291957855225e-01
-4.081225693225860596e-01
1.178414523601531982e-01
2.223236113786697388e-02
1.417506337165832520e-01
8.566939085721969604e-02
-3.816694319248199463e-01
-2.231613993644714355e-01
5.235747620463371277e-02
-1.682472229003906250e-02
5.463821813464164734e-02
1.612641289830207825e-02
2.883924543857574463e-01
-5.239155292510986328e-01
5.798245966434478760e-02
2.631520386785268784e-03
-5.098633002489805222e-03
-1.795680522918701172e-01
4.638931527733802795e-02
4.607485532760620117e-01
-4.719513654708862305e-01
4.065386950969696045e-02
2.047791518270969391e-02
-6.586562991142272949e-01
-5.026804283261299133e-02
-4.180548712611198425e-02
-2.104220092296600342e-01
3.528670594096183777e-02
1.307920813560485840e-01
1.193675100803375244e-01
6.869469583034515381e-02
8.729942142963409424e-03
8.042892813682556152e-02
1.162014603614807129e-01
1.038582995533943176e-01
-1.980561316013336182e-01
-2.219149619340896606e-01
1.388740688562393188e-01
-2.744379341602325439e-01
-1.799231618642807007e-01
2.568502165377140045e-02
-3.949892222881317139e-01
1.217580810189247131e-01
7.440637797117233276e-02
4.706063270568847656e-01
-2.828782200813293457e-01
-4.161552712321281433e-02
-4.509065151214599609e-01
