1.674628555774688721e-01
6.168789416551589966e-02
2.259209007024765015e-01
9.572058171033859253e-02
8.301226049661636353e-02
-4.727271199226379395e-02
2.944449484348297119e-01
6.540653854608535767e-02
7.136229425668716431e-02
2.429438382387161255e-01
-7.968305051326751709e-02
1.212427541613578796e-01
2.857071459293365479e-01
4.337237030267715454e-02
8.498180657625198364e-02
1.300407201051712036e-01
7.715224474668502808e-02
1.005321219563484192e-01
7.231543213129043579e-02
-1.010520458221435547e-01
-1.273792982101440430e-01
-1.127396970987319946e-01
1.883339285850524902e-01
2.658559679985046387e-01
-8.464972674846649170e-02
6.773459911346435547e-02
1.098586432635784149e-02
2.804699540138244629e-02
-3.929084911942481995e-02
-3.008650243282318115e-02
1.417732983827590942e-01
-6.309990584850311279e-02
-2.196412719786167145e-02
4.427405819296836853e-02
1.554101109504699707e-01
1.701551973819732666e-01
2.473208904266357422e-01
5.340261384844779968e-02
-7.350400090217590332e-02
8.467806875705718994e-02
2.721177935600280762e-01
6.811530143022537231e-02
1.706251055002212524e-01
1.068897023797035217e-01
3.238174915313720703e-01
-1.058038473129272461e-01
2.622115910053253174e-01
5.343424156308174133e-02
2.997813522815704346e-01
-5.998379550874233246e-03
2.743450105190277100e-01
1.082955524325370789e-01
2.478633224964141846e-01
1.651183813810348511e-01
-2.333447895944118500e-02
6.202125921845436096e-02
-1.250492930412292480e-01
-1.159766968339681625e-02
-7.334394752979278564e-02
3.050675094127655029e-01
-1.681375899352133274e-03
3.043888509273529053e-01
6.280165165662765503e-02
9.319578111171722412e-02
2.813741862773895264e-01
3.712899237871170044e-02
7.605338841676712036e-02
-4.455622658133506775e-02
2.956748902797698975e-01
2.636557221412658691e-01
2.796235978603363037e-01
8.618538081645965576e-02
7.994313538074493408e-02
-2.200715616345405579e-02
1.115511730313301086e-01
1.710162460803985596e-01
2.298767566680908203e-01
2.284838408231735229e-01
-2.429820783436298370e-02
2.262514978647232056e-01
1.135990023612976074e-01
5.729399248957633972e-02
5.942767529631964862e-05
2.015078514814376831e-01
6.734752655029296875e-02
-3.747326135635375977e-02
-1.288401633501052856e-01
-5.884154513478279114e-02
-4.797119647264480591e-02
2.618728280067443848e-01
-1.303200721740722656e-01
1.691422462463378906e-01
1.519148349761962891e-01
-7.450870424509048462e-02
6.082168966531753540e-02
1.094383653253316879e-02
2.433621287345886230e-01
2.942071259021759033e-01
1.417370587587356567e-01
6.004721671342849731e-02
