-3.798194602131843567e-02
7.494203001260757446e-02
-2.716399431228637695e-01
-2.780597805976867676e-01
1.205397695302963257e-01
1.500519961118698120e-01
2.748399972915649414e-01
-1.041543558239936829e-01
4.932146891951560974e-02
-7.263018935918807983e-02
1.273146178573369980e-02
2.025274094194173813e-03
9.321168810129165649e-02
1.839116564951837063e-03
-1.007278263568878174e-02
1.344339549541473389e-01
-2.595862448215484619e-01
5.311923846602439880e-02
-1.602012962102890015e-01
-1.257722079753875732e-02
-1.867745965719223022e-01
1.014349088072776794e-01
8.196730166673660278e-02
-2.535294890403747559e-01
-1.338902562856674194e-01
2.928146421909332275e-01
-3.612554818391799927e-02
-3.657431900501251221e-02
5.482008680701255798e-03
6.358408182859420776e-02
-6.981004029512405396e-02
1.333131194114685059e-01
3.590740263462066650e-01
-7.816653698682785034e-03
-1.369554549455642700e-02
-7.749371696263551712e-03
-2.133722305297851562e-01
4.291400313377380371e-02
-2.490654401481151581e-02
1.438785642385482788e-01
1.469467300921678543e-02
5.598704330623149872e-03
4.205352813005447388e-02
-6.373949348926544189e-02
-3.636113554239273071e-02
-2.057823985815048218e-01
1.031700074672698975e-01
4.232533276081085205e-01
-6.914729252457618713e-03
-2.517232894897460938e-01
6.712961196899414062e-02
-4.887756705284118652e-02
3.446843102574348450e-02
8.953475207090377808e-02
4.329022765159606934e-01
4.458237588405609131e-01
-2.950826473534107208e-02
-1.335354596376419067e-01
9.593272805213928223e-01
-4.962613806128501892e-02
4.579834043979644775e-01
-1.833144389092922211e-02
-2.669887542724609375e-01
-5.060933232307434082e-01
-1.454169861972332001e-03
-4.723806679248809814e-01
7.591080386191606522e-03
6.920580565929412842e-02
2.646637856960296631e-01
-1.892268285155296326e-02
-4.266966506838798523e-02
-1.762619614601135254e-02
9.753303229808807373e-02
1.028006896376609802e-02
-2.340322583913803101e-01
1.364126563072204590e+00
1.462331563234329224e-01
6.585276871919631958e-02
-2.555212378501892090e-01
1.134787797927856445e-01
-2.198604196310043335e-01
6.490163207054138184e-01
1.200794503092765808e-01
1.140126138925552368e-01
1.082432046532630920e-01
8.400011807680130005e-02
8.947657048702239990e-02
-4.456597380340099335e-03
-1.565541140735149384e-02
-8.154442161321640015e-02
3.240360617637634277e-01
-3.177019059658050537e-01
-1.681783352978527546e-03
4.940938949584960938e-02
-2.617838084697723389e-01
7.089342921972274780e-02
-1.309923361986875534e-02
-9.060173481702804565e-02
-8.206801861524581909e-02
-6.571281701326370239e-02
