-5.484949331730604172e-03
1.296544373035430908e-01
-8.498487621545791626e-02
-7.691002637147903442e-02
-2.298326045274734497e-01
-6.859020795673131943e-03
2.313403487205505371e-01
-1.117548048496246338e-01
2.202306836843490601e-01
1.428753137588500977e-01
1.327767670154571533e-01
5.153508856892585754e-02
3.999401628971099854e-01
-1.252609863877296448e-02
4.889770224690437317e-02
2.055759727954864502e-02
-1.808062344789505005e-01
-5.144857242703437805e-02
1.215634271502494812e-01
1.119744554162025452e-01
9.585815668106079102e-02
-1.966536343097686768e-01
-8.373175561428070068e-02
9.304931759834289551e-02
8.514863997697830200e-02
2.675987482070922852e-01
8.252795785665512085e-03
1.814874708652496338e-01
9.124256670475006104e-02
-1.371234506368637085e-01
6.053964048624038696e-02
2.774368785321712494e-02
-3.565441668033599854e-01
1.346312463283538818e-01
1.005591526627540588e-01
7.967327535152435303e-02
6.681078672409057617e-02
1.141183450818061829e-01
-5.698452517390251160e-02
-1.289516836404800415e-01
-1.376079469919204712e-01
2.150087654590606689e-01
1.765793412923812866e-01
-5.248696804046630859e-01
1.970882862806320190e-01
3.091351687908172607e-01
-6.087523102760314941e-01
3.306795060634613037e-01
2.195954173803329468e-01
1.550453603267669678e-01
-9.047419298440217972e-04
6.031356379389762878e-02
2.532036006450653076e-01
3.602243363857269287e-01
-2.999999523162841797e-01
8.449137210845947266e-02
-3.571845591068267822e-01
3.775663673877716064e-02
2.170251160860061646e-01
-4.824179112911224365e-01
-1.346119046211242676e-01
6.271768361330032349e-02
-2.779347449541091919e-02
-7.909469306468963623e-02
1.459281146526336670e-01
-3.070528060197830200e-02
2.313376516103744507e-01
2.370628118515014648e-01
3.185769617557525635e-01
3.917460739612579346e-01
3.552872687578201294e-02
3.930836915969848633e-02
1.624321490526199341e-01
-4.410491883754730225e-02
2.032212764024734497e-01
3.214620053768157959e-02
-2.539702057838439941e-01
-2.180125862360000610e-01
-4.529824480414390564e-03
3.734631538391113281e-01
5.237328261137008667e-02
2.960755676031112671e-02
3.980916440486907959e-01
-6.974522769451141357e-02
8.260293304920196533e-02
3.750449120998382568e-01
1.559435203671455383e-02
2.806839160621166229e-02
-5.575818568468093872e-02
2.775367535650730133e-02
-2.309939078986644745e-02
-4.899548739194869995e-02
4.763792157173156738e-01
-5.111877992749214172e-02
-1.813471689820289612e-02
-4.565545618534088135e-01
-1.492302417755126953e-01
6.168971210718154907e-02
1.601299941539764404e-01
5.169300734996795654e-02
