3.902791738510131836e-01
3.689771890640258789e-01
-1.210616156458854675e-01
8.474849164485931396e-02
-6.799397617578506470e-02
2.740727066993713379e-01
4.228753447532653809e-01
1.877575367689132690e-02
2.502696812152862549e-01
-1.095964387059211731e-02
2.071758508682250977e-01
2.475549429655075073e-01
-1.544188261032104492e-01
3.146593272686004639e-02
-6.806676834821701050e-02
6.080613937228918076e-03
2.584285736083984375e-01
4.123349189758300781e-01
-2.233838438987731934e-01
3.030745685100555420e-01
-3.253775835037231445e-01
4.985519126057624817e-02
-3.518502786755561829e-02
-2.473768591880798340e-01
-1.057342886924743652e-01
-4.582161083817481995e-02
-5.343924462795257568e-02
-9.902144223451614380e-02
-1.087066158652305603e-01
2.228442430496215820e-01
-2.461103945970535278e-01
-3.933409228920936584e-02
2.095920443534851074e-01
4.038081169128417969e-01
1.859933324158191681e-02
-9.611647576093673706e-02
-9.848704189062118530e-02
2.513386011123657227e-01
5.092884600162506104e-02
4.409125447273254395e-02
3.609177172183990479e-01
-3.189709484577178955e-01
-5.135555565357208252e-02
1.043502166867256165e-01
-4.783513769507408142e-02
-6.795629113912582397e-02
-1.217248365283012390e-01
3.629811108112335205e-01
-1.160951405763626099e-01
7.276857737451791763e-03
3.450881242752075195e-01
3.484031856060028076e-01
1.648301631212234497e-01
-8.496291190385818481e-02
1.091848090291023254e-01
-1.174794510006904602e-01
5.175223574042320251e-02
3.772428259253501892e-02
-1.166906952857971191e-01
3.619911968708038330e-01
1.123734327848069370e-04
3.486576378345489502e-01
3.963133394718170166e-01
4.014371037483215332e-01
-7.592915743589401245e-02
-6.080549210309982300e-02
2.831558585166931152e-01
3.164453431963920593e-02
-2.109774574637413025e-02
2.258195579051971436e-01
-6.482561677694320679e-02
-8.240520954132080078e-03
-9.658370912075042725e-02
-3.849471509456634521e-01
4.254790842533111572e-01
2.789891958236694336e-01
-3.742674365639686584e-02
-1.472803056240081787e-01
3.494327366352081299e-01
2.636655867099761963e-01
-3.116602636873722076e-02
-6.630446761846542358e-02
1.266257017850875854e-01
4.218105077743530273e-01
2.439677119255065918e-01
-7.943829894065856934e-02
-6.458128243684768677e-02
3.404799103736877441e-01
3.394552320241928101e-02
2.820289134979248047e-01
-2.142056375741958618e-01
2.313925139605998993e-02
3.190023005008697510e-01
-1.392382979393005371e-01
-1.020063012838363647e-01
-1.045843884348869324e-01
2.035849392414093018e-01
-1.215415000915527344e-01
-4.139650240540504456e-02
-1.146417856216430664e-01
