-1.913623660802841187e-01
7.509751617908477783e-02
1.840247213840484619e-01
-1.401537358760833740e-01
3.361474573612213135e-01
2.453604014590382576e-03
-1.102082356810569763e-01
3.257021009922027588e-01
-3.658548370003700256e-02
1.863634586334228516e-01
-1.099426969885826111e-01
4.106584787368774414e-01
3.392463624477386475e-01
-3.229843825101852417e-02
1.129123270511627197e-01
-1.034398525953292847e-01
-8.128172159194946289e-02
2.968015670776367188e-01
-1.902083754539489746e-01
-1.367692053318023682e-01
-1.226605325937271118e-01
-1.156518384814262390e-01
3.987602591514587402e-01
-1.164761930704116821e-01
2.856905162334442139e-01
-3.807909786701202393e-02
2.943299412727355957e-01
6.269330531358718872e-02
3.559951484203338623e-02
-3.831650018692016602e-01
3.540750741958618164e-01
-8.204592019319534302e-02
-5.728217586874961853e-02
3.024196922779083252e-01
-7.465251721441745758e-03
-1.393082737922668457e-01
6.336592137813568115e-02
3.910361975431442261e-02
-4.934126883745193481e-02
-1.145622357726097107e-01
-7.129702251404523849e-03
3.172451853752136230e-01
9.296656586229801178e-03
-5.307082901708781719e-04
3.160370886325836182e-01
-1.796380728483200073e-01
-1.245046555995941162e-01
2.153237164020538330e-01
2.933493256568908691e-01
2.542011141777038574e-01
-1.432508379220962524e-01
2.254973798990249634e-01
1.149045825004577637e-01
3.202095627784729004e-02
-5.672803521156311035e-02
-6.494136154651641846e-02
1.304920762777328491e-01
-5.315126385539770126e-03
-9.389761835336685181e-02
3.783212006092071533e-01
8.406466990709304810e-02
2.308872640132904053e-01
1.409601569175720215e-01
5.429506767541170120e-03
1.223126426339149475e-02
-1.559213548898696899e-01
-1.242219060659408569e-01
-1.665015369653701782e-01
-1.324565559625625610e-01
3.161546885967254639e-01
-1.482495218515396118e-01
2.305040955543518066e-01
-3.386840224266052246e-01
-4.151039198040962219e-02
4.445106908679008484e-02
-4.729279503226280212e-02
3.209016621112823486e-01
4.872232675552368164e-02
-4.740464091300964355e-01
3.400279879570007324e-01
-2.401946038007736206e-01
1.620881445705890656e-02
3.069995045661926270e-01
-6.167184188961982727e-02
-9.046672284603118896e-02
-1.385132037103176117e-02
3.122866153717041016e-01
-5.618515610694885254e-02
-2.471736669540405273e-01
3.591125607490539551e-01
3.138560652732849121e-01
-1.105450615286827087e-01
-9.764026105403900146e-02
-2.281676381826400757e-01
-5.453170090913772583e-02
-1.348155289888381958e-01
-1.562400013208389282e-01
8.541744947433471680e-02
3.622125089168548584e-01
-2.924818992614746094e-01
