2.386149168014526367e-01
2.781341671943664551e-01
4.715935327112674713e-03
2.685480415821075439e-01
2.902976572513580322e-01
1.103354524821043015e-02
5.446226000785827637e-01
2.799704372882843018e-01
2.367550134658813477e-01
2.642102837562561035e-01
-1.342200338840484619e-01
-1.529379864223301411e-03
-1.203647553920745850e-01
3.350820541381835938e-01
-1.204032227396965027e-01
3.033624291419982910e-01
-2.646942622959613800e-02
4.283969476819038391e-02
-1.056035459041595459e-01
-1.206201091408729553e-01
1.357677876949310303e-01
-9.482093155384063721e-02
-9.655828587710857391e-03
6.614077836275100708e-02
-1.066215187311172485e-01
2.372852563858032227e-01
-1.995577961206436157e-01
2.948658168315887451e-01
2.558823525905609131e-01
2.370085865259170532e-01
1.493359804153442383e-01
2.274983078241348267e-01
-6.898087263107299805e-02
-8.432842046022415161e-02
1.975275874137878418e-01
-2.918279767036437988e-01
-5.818817391991615295e-02
3.286845982074737549e-01
1.907720346935093403e-03
-1.435813009738922119e-01
-2.115576155483722687e-02
4.686369895935058594e-01
-8.101216703653335571e-02
2.058161646127700806e-01
2.062241882085800171e-01
1.106064021587371826e-01
1.315071135759353638e-01
1.638030856847763062e-01
3.502339720726013184e-01
2.441615611314773560e-01
-9.530862420797348022e-02
1.034266948699951172e-01
-2.514848485589027405e-02
2.596214711666107178e-01
-4.303405433893203735e-02
-1.243302300572395325e-01
2.812151610851287842e-01
2.895051538944244385e-01
-9.073591977357864380e-02
9.803660959005355835e-02
-1.100096553564071655e-01
-1.392852049320936203e-02
2.609961926937103271e-01
2.813425660133361816e-01
-5.097556710243225098e-01
4.709754139184951782e-02
-1.567359417676925659e-01
-9.175186604261398315e-02
1.738093197345733643e-01
1.795574724674224854e-01
1.870139501988887787e-02
1.050702705979347229e-01
2.482259273529052734e-01
-4.448681175708770752e-01
2.984920442104339600e-01
-1.848842762410640717e-02
1.687150597572326660e-01
1.748821139335632324e-01
1.001914683729410172e-02
-1.459230184555053711e-01
-8.713855594396591187e-02
1.832230538129806519e-01
2.729443460702896118e-02
2.519136667251586914e-01
-3.968714922666549683e-02
-4.580207169055938721e-02
1.824157685041427612e-02
2.347596287727355957e-01
1.447483599185943604e-01
2.675563991069793701e-01
-7.362297922372817993e-02
1.151140853762626648e-01
-9.600798785686492920e-02
3.239462375640869141e-01
-3.099781870841979980e-01
2.423850446939468384e-01
-4.887827932834625244e-01
-2.105820029973983765e-01
-1.023797318339347839e-02
-7.934949547052383423e-02
