1.271105953492224216e-03
-3.645736873149871826e-01
-6.075988411903381348e-01
-9.870304167270660400e-02
2.978603541851043701e-01
2.071644514799118042e-01
2.311483621597290039e-01
-4.761396721005439758e-02
-6.725020706653594971e-02
-1.362119764089584351e-01
-4.893903806805610657e-02
7.402201741933822632e-02
5.254987999796867371e-02
1.267159283161163330e-01
5.588390305638313293e-02
2.716563642024993896e-01
2.837232649326324463e-01
-2.696925997734069824e-01
-1.831744313240051270e-01
-5.036563053727149963e-02
-9.132709354162216187e-02
-1.179837211966514587e-01
1.765094846487045288e-01
-1.030304655432701111e-01
1.726698130369186401e-01
-1.122229471802711487e-01
4.818441271781921387e-01
2.369994670152664185e-02
1.774179339408874512e-01
1.691509485244750977e-01
1.963285505771636963e-01
1.741264164447784424e-01
1.871346384286880493e-01
-9.758117049932479858e-02
3.145273625850677490e-01
-2.378866225481033325e-01
3.028184771537780762e-01
4.419303685426712036e-02
2.106582522392272949e-01
-5.162252485752105713e-02
-9.047138690948486328e-02
1.806976944208145142e-01
4.082768261432647705e-01
1.948460042476654053e-01
1.816565357148647308e-02
-1.016483306884765625e-01
-8.386498689651489258e-02
-1.753406524658203125e-01
-9.278963506221771240e-02
-9.034808725118637085e-02
2.200462669134140015e-01
-2.427502162754535675e-02
2.113406211137771606e-01
-5.665381625294685364e-02
-6.398757547140121460e-02
-3.910167515277862549e-02
2.640324831008911133e-01
4.509966354817152023e-03
-2.737202309072017670e-02
-3.525099903345108032e-02
1.920127570629119873e-01
-1.174603626132011414e-01
-1.317097395658493042e-01
-1.502142995595932007e-01
1.312380135059356689e-01
8.361184597015380859e-02
1.669237911701202393e-01
2.905080318450927734e-01
2.517975270748138428e-01
-6.909757852554321289e-02
5.684138536453247070e-01
2.125830948352813721e-01
1.949760466814041138e-01
-6.677685678005218506e-02
2.923134565353393555e-01
5.945548415184020996e-02
3.074122825637459755e-03
3.951125591993331909e-02
2.117934226989746094e-01
2.952669560909271240e-01
-2.149621546268463135e-01
1.721361726522445679e-01
-7.001353055238723755e-02
3.120267689228057861e-01
-4.612760618329048157e-02
1.915060877799987793e-01
-8.127021044492721558e-02
2.234271317720413208e-01
-7.957578450441360474e-02
-4.250802472233772278e-02
7.886721938848495483e-02
-8.047483116388320923e-02
2.362654507160186768e-01
-2.462297230958938599e-01
-1.507525146007537842e-01
-3.817539662122726440e-02
2.752901054918766022e-02
-9.363611787557601929e-02
-5.864847078919410706e-02
2.861770987510681152e-01
