-2.312077730894088745e-01
-4.025867879390716553e-01
6.825591623783111572e-02
2.060541138052940369e-02
-1.338022798299789429e-01
-6.185680255293846130e-02
-2.635653913021087646e-01
4.669916331768035889e-01
-2.596788294613361359e-02
6.651344150304794312e-02
7.733727991580963135e-02
-9.043037146329879761e-02
3.062141686677932739e-02
6.377592682838439941e-02
1.092393323779106140e-01
8.423148095607757568e-02
-2.661988735198974609e-01
1.817190786823630333e-03
-2.972897589206695557e-01
9.672210365533828735e-02
9.257470071315765381e-02
-2.168772369623184204e-01
3.386696102097630501e-03
-3.597918450832366943e-01
9.569574147462844849e-02
4.639261662960052490e-01
4.545453563332557678e-02
8.106924593448638916e-02
1.259042173624038696e-01
1.727313399314880371e-01
2.004532702267169952e-02
1.953554600477218628e-01
2.481473237276077271e-01
-3.733751177787780762e-02
-4.059818089008331299e-01
6.294488906860351562e-02
9.815174341201782227e-02
-3.572981953620910645e-01
7.535722851753234863e-02
1.190719529986381531e-01
7.490154355764389038e-02
6.961169838905334473e-02
-4.934913292527198792e-02
1.417521983385086060e-01
-6.669625043869018555e-01
2.872597612440586090e-02
1.071330718696117401e-02
6.494635343551635742e-02
-2.928881645202636719e-01
-3.469241857528686523e-01
-2.641341388225555420e-01
-4.469968378543853760e-01
7.763553410768508911e-02
2.210932038724422455e-02
3.117847740650177002e-01
2.810080349445343018e-01
-1.990990489721298218e-01
-3.397198021411895752e-01
7.771621644496917725e-02
-2.875042334198951721e-02
2.074910700321197510e-02
3.141595423221588135e-02
5.913885310292243958e-02
-3.506174683570861816e-02
3.792604431509971619e-02
1.818524599075317383e-01
8.621473610401153564e-02
-4.315018653869628906e-01
9.627854824066162109e-02
1.024507582187652588e-01
3.217629492282867432e-01
6.227772310376167297e-02
-5.913174748420715332e-01
3.133223950862884521e-02
-7.299926131963729858e-03
8.774598836898803711e-01
7.226558774709701538e-02
3.948829695582389832e-02
1.016921699047088623e-01
8.925673365592956543e-02
2.968264743685722351e-02
-3.362649679183959961e-01
-4.459969326853752136e-02
-3.243792802095413208e-02
-1.504649315029382706e-02
-2.388381659984588623e-01
1.504741422832012177e-02
-4.471762105822563171e-03
2.491928637027740479e-02
-3.229790329933166504e-01
7.358771562576293945e-02
4.614803940057754517e-02
-3.647814318537712097e-02
7.892497181892395020e-01
-2.489408850669860840e-02
-2.435329258441925049e-01
-5.202742759138345718e-03
-4.250431898981332779e-03
1.015245243906974792e-01
1.954298233613371849e-03
