3.356428742408752441e-01
-5.096938461065292358e-02
2.802238464355468750e-01
3.554420769214630127e-01
3.189627826213836670e-01
2.634599506855010986e-01
7.232859730720520020e-02
-3.425089120864868164e-01
8.825399726629257202e-02
3.289611637592315674e-01
3.417010307312011719e-01
3.449507951736450195e-01
2.633584141731262207e-01
-1.075118929147720337e-01
-6.275612860918045044e-02
-8.061733841896057129e-02
2.019518166780471802e-01
2.291962951421737671e-01
-3.959374874830245972e-02
-3.121263720095157623e-02
-4.044475033879280090e-02
3.496246933937072754e-01
2.647649347782135010e-01
2.206958085298538208e-01
5.849264562129974365e-02
3.875569626688957214e-02
-7.592712342739105225e-02
-8.360642194747924805e-02
-5.741954222321510315e-02
-2.107330113649368286e-01
-6.955368071794509888e-02
2.291886955499649048e-01
-1.158441975712776184e-01
-1.298009604215621948e-01
-2.303955554962158203e-01
2.569564580917358398e-01
-7.007350772619247437e-02
2.080926895141601562e-01
-2.134212292730808258e-02
-4.903729632496833801e-02
3.757649958133697510e-01
-2.711988240480422974e-02
4.941575229167938232e-03
-4.483969137072563171e-02
2.886314094066619873e-01
2.577691674232482910e-01
2.547965347766876221e-01
3.129858970642089844e-01
-4.427480325102806091e-02
2.023414820432662964e-01
3.664737045764923096e-01
-3.589163534343242645e-03
3.032470643520355225e-01
2.763122320175170898e-02
-3.802592400461435318e-03
-8.105392009019851685e-02
5.393588170409202576e-02
-1.522487495094537735e-02
3.009480424225330353e-03
3.638300895690917969e-01
-3.083714842796325684e-01
3.882099390029907227e-01
-8.807150274515151978e-02
3.581248223781585693e-01
2.495471835136413574e-01
5.780012160539627075e-02
4.755924642086029053e-02
2.621160745620727539e-01
3.230431675910949707e-01
2.911991477012634277e-01
2.688300013542175293e-01
2.559675276279449463e-01
-1.272602975368499756e-01
-1.476591546088457108e-02
-5.090922117233276367e-02
-8.358801901340484619e-02
5.286327376961708069e-02
2.377449721097946167e-01
-5.920888110995292664e-02
-3.268730938434600830e-01
-9.829559177160263062e-02
-1.156850457191467285e-01
-9.695583581924438477e-02
3.726477324962615967e-01
3.707787096500396729e-01
3.632778227329254150e-01
2.360800802707672119e-01
2.087736278772354126e-01
-1.346752885729074478e-02
-4.203793127089738846e-03
-1.429581791162490845e-01
-8.096047490835189819e-02
2.298301160335540771e-01
-2.224875986576080322e-01
-6.936275959014892578e-02
-1.086381450295448303e-02
3.630611896514892578e-01
2.617390155792236328e-01
-1.144265830516815186e-01
-1.997556984424591064e-01
