8.075273782014846802e-02
-2.266461215913295746e-02
-1.351859973510727286e-04
1.214698553085327148e-01
9.934877604246139526e-02
6.800997257232666016e-02
-7.116511464118957520e-02
-2.399617582559585571e-01
2.758199572563171387e-01
9.036457538604736328e-02
6.961986422538757324e-02
1.163258329033851624e-01
7.016579806804656982e-02
-6.974997371435165405e-02
-4.395660758018493652e-02
-2.250456437468528748e-02
2.485829778015613556e-02
1.940380036830902100e-02
-8.526345342397689819e-02
-8.730235695838928223e-02
-6.035657972097396851e-02
7.520443201065063477e-02
4.591823741793632507e-02
8.026334643363952637e-02
-8.344855159521102905e-03
1.747471251292154193e-04
-4.766897857189178467e-02
-2.583510987460613251e-02
-6.481565535068511963e-02
-1.703462451696395874e-01
1.163879316300153732e-02
5.893824249505996704e-02
-7.246931642293930054e-02
-5.042349919676780701e-02
-1.590034365653991699e-01
1.150802448391914368e-01
4.738854616880416870e-02
1.772925490513443947e-03
-7.250687479972839355e-02
-2.850675769150257111e-02
8.045106381177902222e-02
-4.077894985675811768e-02
-3.612132370471954346e-02
-5.590713769197463989e-02
4.976817220449447632e-02
1.261611003428697586e-03
7.967577129602432251e-02
1.101461946964263916e-01
-1.491324603557586670e-02
4.604964330792427063e-02
7.192917913198471069e-02
6.643045227974653244e-03
8.380533009767532349e-02
-3.985159099102020264e-02
-5.360310524702072144e-02
-1.764863543212413788e-02
-4.429385066032409668e-03
-4.187376424670219421e-02
-6.135954335331916809e-02
1.058738455176353455e-01
-2.780126333236694336e-01
1.317205131053924561e-01
-2.732088603079319000e-02
8.709884434938430786e-02
3.175978735089302063e-02
-6.790724396705627441e-02
-9.800536558032035828e-03
1.320444345474243164e-01
8.474809676408767700e-02
8.780592679977416992e-02
7.192792743444442749e-02
1.256942451000213623e-01
-5.619375035166740417e-02
-6.064062565565109253e-02
4.903835058212280273e-02
-6.288499105721712112e-03
-2.173857204616069794e-02
6.782390922307968140e-02
-2.099154703319072723e-02
-2.338695973157882690e-01
-1.823980920016765594e-02
2.000211551785469055e-02
-4.384214431047439575e-02
6.116053089499473572e-02
7.661535590887069702e-02
9.560684114694595337e-02
2.893160795792937279e-03
5.276957992464303970e-03
2.213135920464992523e-02
-1.992329582571983337e-02
-3.998069465160369873e-01
2.449976280331611633e-02
4.155134409666061401e-02
-3.196099698543548584e-01
-4.546134546399116516e-02
4.058360587805509567e-03
7.483071088790893555e-02
9.971574693918228149e-02
4.473302140831947327e-02
-3.021362125873565674e-01
