-3.033851385116577148e-01
3.273111954331398010e-02
-1.807960867881774902e-01
1.005787849426269531e-01
1.981524527072906494e-01
1.353728920221328735e-01
-2.727980613708496094e-01
2.296309024095535278e-01
1.674592196941375732e-01
-1.208020150661468506e-01
1.118025928735733032e-02
1.266569644212722778e-01
1.311336606740951538e-01
3.007949888706207275e-02
6.809626519680023193e-02
1.165146604180335999e-01
7.952827960252761841e-02
-4.749167263507843018e-01
-8.560983696952462196e-04
-2.853672718629240990e-03
4.772176593542098999e-02
-7.918596267700195312e-02
-3.614065796136856079e-02
1.122700050473213196e-02
9.602802246809005737e-02
-1.890275999903678894e-02
-3.776603564620018005e-02
-5.307328104972839355e-01
-8.077429234981536865e-02
1.832886487245559692e-01
-3.769257068634033203e-01
-9.486189484596252441e-02
-1.628303080797195435e-01
-1.792232841253280640e-01
2.239723205566406250e-01
9.438574314117431641e-02
-7.625145465135574341e-02
2.907637357711791992e-01
6.556770950555801392e-02
-7.533053308725357056e-02
-1.854545921087265015e-01
1.559824943542480469e-01
-6.849531829357147217e-02
1.465387791395187378e-01
-3.052307069301605225e-01
6.431747227907180786e-02
1.109712049365043640e-01
9.958212822675704956e-02
-4.024238884449005127e-01
4.166183248162269592e-02
1.182999648153781891e-02
3.614227846264839172e-02
-2.435128241777420044e-01
3.582569584250450134e-02
-4.559021890163421631e-01
9.898579120635986328e-02
-8.393505215644836426e-02
-1.087929755449295044e-01
-7.029235363006591797e-02
-1.655953004956245422e-02
-3.030652701854705811e-01
-1.965229511260986328e-01
1.208009570837020874e-01
-4.338284432888031006e-01
1.469603329896926880e-01
-7.845886796712875366e-02
-3.838006258010864258e-01
6.494507193565368652e-02
2.562634646892547607e-01
1.533087491989135742e-01
-9.767574816942214966e-02
-1.124067604541778564e-01
-3.532501161098480225e-01
1.970176547765731812e-01
6.078075245022773743e-02
-2.162420377135276794e-02
2.242323197424411774e-02
5.865480005741119385e-02
-7.085736840963363647e-02
-9.500669687986373901e-02
2.833686470985412598e-01
2.392654418945312500e-01
8.200377970933914185e-02
2.712966408580541611e-03
3.512314707040786743e-02
-2.470384091138839722e-01
-4.195399954915046692e-02
-3.718901276588439941e-01
-2.333519160747528076e-01
-9.573140740394592285e-02
-1.042322590947151184e-01
-2.038391828536987305e-01
-1.451520901173353195e-02
-4.352348446846008301e-01
2.136665731668472290e-01
-5.073211789131164551e-01
2.995952367782592773e-01
-4.497406631708145142e-02
1.948561817407608032e-01
-1.005543582141399384e-02
