-3.755202293395996094e-01
-1.893257796764373779e-01
1.098483055830001831e-01
1.073345765471458435e-01
-7.666954994201660156e-01
3.931447863578796387e-02
1.048173755407333374e-01
7.536904215812683105e-01
6.782452762126922607e-02
5.172679200768470764e-02
1.627479195594787598e-01
-3.489618301391601562e-01
-6.560768187046051025e-02
-2.779060304164886475e-01
-3.990667760372161865e-01
1.300511062145233154e-01
-5.275060534477233887e-01
3.979512304067611694e-02
-7.681734859943389893e-02
7.830055803060531616e-02
2.914554066956043243e-02
-3.316342830657958984e-02
-4.357051253318786621e-01
-1.748940907418727875e-02
-9.147949516773223877e-03
1.144873648881912231e-01
1.140010058879852295e-01
2.339462377130985260e-02
-4.733785986900329590e-01
7.814735919237136841e-02
1.083326190710067749e-01
4.523899257183074951e-01
-6.145316958427429199e-01
1.463157087564468384e-01
-5.053401589393615723e-01
-4.634421765804290771e-01
-2.349831610918045044e-01
-5.079329013824462891e-01
-4.260237216949462891e-01
2.300431206822395325e-02
1.096043825149536133e+00
2.796567603945732117e-02
8.684664219617843628e-02
-7.041646838188171387e-01
9.495039284229278564e-02
2.300109714269638062e-03
6.067165732383728027e-02
5.334283411502838135e-02
-3.388917818665504456e-02
-5.582381784915924072e-02
-4.855983704328536987e-02
-5.146625638008117676e-02
8.642389625310897827e-02
2.423574775457382202e-02
1.099636629223823547e-01
-1.018032897263765335e-02
7.734627276659011841e-02
6.372122094035148621e-03
4.623093828558921814e-02
3.187684342265129089e-02
9.880598634481430054e-02
-3.037880547344684601e-02
5.767161399126052856e-02
5.276067554950714111e-02
-3.761092126369476318e-01
-1.826613023877143860e-02
-1.276617031544446945e-02
4.955167695879936218e-02
-4.427643865346908569e-02
1.153982639312744141e+00
-3.100137226283550262e-02
-3.926042616367340088e-01
1.018163934350013733e-01
-3.356359601020812988e-01
1.805781200528144836e-02
7.392806559801101685e-02
1.345105886459350586e+00
-4.059623777866363525e-01
9.493736177682876587e-02
9.362175129354000092e-03
-4.735197424888610840e-01
1.108799725770950317e-01
-3.681733310222625732e-01
-4.750448167324066162e-01
1.277530286461114883e-02
6.447187811136245728e-02
-6.924574263393878937e-03
-1.478089299052953720e-02
-2.279278635978698730e-01
7.034528255462646484e-02
-4.218982756137847900e-01
8.454930782318115234e-02
9.059771150350570679e-02
8.992839604616165161e-03
5.473620817065238953e-02
9.844789654016494751e-02
-7.438570857048034668e-01
-3.636125624179840088e-01
6.675697118043899536e-02
-1.452179718762636185e-02
