-2.282536961138248444e-02
-4.286142438650131226e-02
1.644104570150375366e-01
-6.962851155549287796e-03
1.119569614529609680e-01
-9.899648837745189667e-03
-1.185103040188550949e-02
-3.402034193277359009e-02
-5.830878391861915588e-02
-1.683312468230724335e-02
-3.471044600009918213e-01
8.201053738594055176e-02
1.521054655313491821e-01
1.197387580759823322e-03
6.329872459173202515e-02
-1.826696842908859253e-01
1.154959276318550110e-01
-1.872197724878787994e-02
-2.454032935202121735e-02
-2.799531072378158569e-02
-2.895217947661876678e-02
7.000226527452468872e-03
7.494601607322692871e-02
-2.567011117935180664e-01
1.019260883331298828e-01
3.003529272973537445e-02
5.299754813313484192e-02
-5.843585729598999023e-02
-2.613337337970733643e-02
6.243994459509849548e-03
-1.497849356383085251e-03
-4.942838475108146667e-02
7.512826006859540939e-03
6.289268285036087036e-02
-6.634617596864700317e-02
-5.069148540496826172e-02
-3.980579599738121033e-02
-4.915708675980567932e-02
7.507392019033432007e-02
1.206479966640472412e-01
3.354719607159495354e-03
9.964092820882797241e-02
-4.410810396075248718e-02
7.792390882968902588e-02
7.717887312173843384e-02
-2.269605174660682678e-02
-3.755337595939636230e-01
-1.201950665563344955e-02
9.196432679891586304e-02
-1.840496622025966644e-02
6.650801748037338257e-02
1.465401984751224518e-02
1.038106381893157959e-01
1.213812753558158875e-01
-4.542458336800336838e-03
-3.640088066458702087e-02
-1.207551211118698120e-01
2.137574702501296997e-01
-1.110862493515014648e-01
8.532263338565826416e-02
9.592996537685394287e-02
-7.894944399595260620e-02
-1.155442148447036743e-01
4.045429080724716187e-02
5.436224862933158875e-02
3.459329530596733093e-02
-2.344183810055255890e-02
8.835251629352569580e-02
-2.832007408142089844e-02
-1.505774911493062973e-02
2.954420819878578186e-02
-2.323751151561737061e-01
-3.028432652354240417e-02
1.056436300277709961e-01
8.935488015413284302e-02
1.257835770957171917e-03
-7.147663086652755737e-02
-4.231490567326545715e-02
-4.692339152097702026e-02
9.035131335258483887e-02
-2.313717454671859741e-02
-5.633002147078514099e-02
-2.983177080750465393e-02
-4.460618495941162109e-01
2.172370627522468567e-02
5.949133634567260742e-02
1.331575363874435425e-01
7.926257699728012085e-02
-1.076308824121952057e-02
1.245840918272733688e-02
1.452178508043289185e-02
-9.938877075910568237e-03
1.174948960542678833e-01
-6.976944208145141602e-02
4.076796025037765503e-02
1.376883964985609055e-02
-3.763598203659057617e-02
2.991360239684581757e-02
2.336010783910751343e-01
1.825166642665863037e-01
