-2.231220006942749023e-01
1.138959359377622604e-02
3.151013702154159546e-02
2.215715795755386353e-01
2.641260065138339996e-02
5.299363657832145691e-02
2.159754782915115356e-01
-9.211972355842590332e-02
2.009892165660858154e-01
-7.173019647598266602e-02
-2.252989262342453003e-01
-6.730563938617706299e-02
2.441400289535522461e-02
-5.255012959241867065e-02
1.160219535231590271e-01
-1.526186335831880569e-02
-1.005821377038955688e-01
4.165981337428092957e-02
6.522132456302642822e-02
-5.816079303622245789e-02
1.498679369688034058e-01
1.832637935876846313e-01
-2.777874656021595001e-02
-5.662666261196136475e-02
-7.827366888523101807e-02
-1.631110906600952148e-01
1.161522194743156433e-01
2.409267053008079529e-02
7.533498853445053101e-02
8.862320333719253540e-02
-7.326851785182952881e-02
1.277555972337722778e-01
1.149470731616020203e-01
-3.131341189146041870e-02
7.208893448114395142e-02
5.420226231217384338e-02
8.283957839012145996e-02
6.736900657415390015e-02
1.642701216042041779e-02
1.528136990964412689e-02
5.010937154293060303e-02
1.313055632635951042e-03
-3.034066259860992432e-01
1.512884944677352905e-01
1.568912118673324585e-01
-1.391228288412094116e-01
-1.262199282646179199e-01
1.506197005510330200e-01
8.453068882226943970e-02
-2.807737141847610474e-02
1.084222644567489624e-01
4.951563477516174316e-02
8.526298403739929199e-02
2.788096107542514801e-02
3.746841801330447197e-03
-1.378433704376220703e-01
2.286172956228256226e-01
2.642980031669139862e-02
1.020083799958229065e-01
-3.224196434020996094e-01
-2.456224709749221802e-02
1.611947864294052124e-01
-7.210994954220950603e-04
-8.105076849460601807e-02
1.740615218877792358e-01
7.497675716876983643e-03
3.450262174010276794e-02
2.878500223159790039e-01
1.306563168764114380e-01
-7.749017328023910522e-02
7.925142534077167511e-03
-1.277009397745132446e-01
1.317308992147445679e-01
-1.235092431306838989e-02
2.747572660446166992e-01
2.632914781570434570e-01
2.478353828191757202e-01
-1.283526420593261719e-01
9.681861102581024170e-02
7.951952517032623291e-02
2.113616615533828735e-01
-3.273978829383850098e-02
-2.202306874096393585e-02
-3.957403302192687988e-01
9.285108745098114014e-02
7.238684594631195068e-02
1.400453448295593262e-01
1.680446863174438477e-01
4.732060432434082031e-02
4.113811999559402466e-02
-8.396219462156295776e-02
-6.935622543096542358e-02
1.524213049560785294e-02
2.034175246953964233e-01
-1.237346380949020386e-01
-3.453612700104713440e-02
-1.394723728299140930e-02
8.034247159957885742e-02
-1.986342668533325195e-02
1.883775740861892700e-01
