-2.121020108461380005e-01
3.629757836461067200e-02
-2.819409966468811035e-01
9.535515308380126953e-02
-2.522461488842964172e-02
-3.017680346965789795e-01
1.179092302918434143e-01
-5.568260550498962402e-01
-2.023693472146987915e-01
1.118758972734212875e-02
-2.447231709957122803e-01
9.489759057760238647e-02
4.150233864784240723e-01
1.743758767843246460e-01
5.094261839985847473e-02
6.361748278141021729e-02
-1.883429288864135742e-02
7.254561036825180054e-02
-1.295854337513446808e-02
-3.024344444274902344e-01
9.379465878009796143e-02
-3.626261139288544655e-03
5.772485211491584778e-02
1.661800965666770935e-02
7.086427509784698486e-02
9.961304813623428345e-02
8.097048848867416382e-03
-7.149561308324337006e-03
-3.117488026618957520e-01
-3.095063865184783936e-01
3.899651113897562027e-03
-9.995321743190288544e-03
1.379286795854568481e-01
5.941105540841817856e-03
1.204412430524826050e-01
8.749492466449737549e-02
1.218137964606285095e-01
4.657620489597320557e-01
8.651863932609558105e-01
3.915739431977272034e-02
1.152264513075351715e-02
4.410495981574058533e-02
2.851568907499313354e-02
-2.464682608842849731e-01
6.506524235010147095e-02
7.871771231293678284e-03
1.193069145083427429e-01
2.044602297246456146e-02
-6.044275760650634766e-01
7.582014054059982300e-02
-2.165042161941528320e-01
1.971075870096683502e-02
4.200749471783638000e-02
-3.166177077218890190e-03
8.744747936725616455e-02
-5.149422213435173035e-02
-1.390503495931625366e-01
-1.421647332608699799e-02
-1.064212247729301453e-02
1.866538263857364655e-02
1.028723195195198059e-01
2.715728804469108582e-02
4.902776330709457397e-02
-2.000479027628898621e-02
7.472572475671768188e-02
-1.692476123571395874e-01
-5.221058428287506104e-02
-1.358312517404556274e-01
-4.082800820469856262e-02
-2.786069735884666443e-02
-2.255275249481201172e-01
7.998936623334884644e-02
5.470765009522438049e-02
7.652460038661956787e-02
-2.010303884744644165e-01
-3.013345703948289156e-04
3.031909763813018799e-01
6.515231728553771973e-02
1.348357740789651871e-02
-3.616100847721099854e-01
-3.019686341285705566e-01
3.585795685648918152e-02
-4.109813645482063293e-02
8.051053620874881744e-03
1.346014291048049927e-01
1.068908721208572388e-01
6.184820830821990967e-02
9.038625285029411316e-03
-3.194620609283447266e-01
1.969965249300003052e-01
-3.519019484519958496e-01
-3.556845709681510925e-02
-2.789108753204345703e-01
2.324068360030651093e-02
1.140335667878389359e-02
1.441904436796903610e-02
-5.089583992958068848e-02
5.131832882761955261e-02
-2.461154609918594360e-01
-4.605615139007568359e-01
