-1.002500876784324646e-01
-4.513838514685630798e-02
-1.191899329423904419e-01
3.436465859413146973e-01
1.404579430818557739e-01
3.282388448715209961e-01
-1.573165506124496460e-01
1.444194652140140533e-02
2.176862657070159912e-01
2.134010046720504761e-01
1.481095608323812485e-02
3.242888301610946655e-02
6.454622372984886169e-03
3.108108639717102051e-01
6.413606926798820496e-03
8.271906524896621704e-02
-1.156872883439064026e-01
1.130173206329345703e-01
2.512538731098175049e-01
6.005069240927696228e-02
3.471539616584777832e-01
6.728113442659378052e-02
1.931449323892593384e-01
-7.596861571073532104e-02
1.100588366389274597e-01
-2.045325748622417450e-02
8.689350634813308716e-02
1.540137361735105515e-02
2.551585994660854340e-02
7.641115784645080566e-02
2.878819704055786133e-01
7.768288254737854004e-02
5.720828846096992493e-02
2.242349833250045776e-02
4.603994265198707581e-02
7.827339321374893188e-02
-3.818287700414657593e-02
1.147681400179862976e-01
2.060604095458984375e-01
2.394325286149978638e-01
-9.702216833829879761e-02
-1.897234320640563965e-01
1.803467720746994019e-01
1.449835747480392456e-01
-9.725356101989746094e-02
-4.778846353292465210e-02
4.808969795703887939e-02
3.795625865459442139e-01
1.451073139905929565e-01
-1.107923984527587891e-01
-1.221333444118499756e-01
-6.396514922380447388e-02
-1.781361401081085205e-01
1.835446357727050781e-01
-8.667421340942382812e-02
-2.455723658204078674e-02
8.314911276102066040e-03
6.796333193778991699e-02
-1.702634692192077637e-01
1.695709675550460815e-01
1.581181399524211884e-02
4.027172550559043884e-02
-1.775199919939041138e-01
4.606410488486289978e-02
2.028123140335083008e-01
-1.593119464814662933e-03
-9.635180979967117310e-02
-4.342157021164894104e-02
-4.879418294876813889e-03
2.266289591789245605e-01
-9.774789214134216309e-02
1.252969540655612946e-02
-2.033767402172088623e-01
-6.203489378094673157e-02
-7.898280024528503418e-02
-8.246958255767822266e-02
-1.289846301078796387e-01
1.015332490205764771e-01
4.363784939050674438e-02
-8.089559525251388550e-02
1.323793679475784302e-01
1.984062194824218750e-01
-1.231161430478096008e-01
-1.237099170684814453e-01
3.076918721199035645e-01
-8.717885613441467285e-02
-3.703928366303443909e-02
2.335419803857803345e-01
-1.768337041139602661e-01
4.893912002444267273e-02
-1.054347828030586243e-01
4.759515821933746338e-02
5.283728614449501038e-02
1.709820777177810669e-01
1.251155138015747070e-01
-3.359523788094520569e-02
1.066963598132133484e-01
1.528167194919660687e-04
1.896137255243957043e-03
-9.590774029493331909e-02
