7.849462628364562988e-01
2.732319235801696777e-01
4.401823505759239197e-02
-1.092837452888488770e-01
-8.756305277347564697e-02
-3.190002217888832092e-02
3.769616037607192993e-02
-5.107083544135093689e-02
6.189648527652025223e-03
1.707527935504913330e-01
-1.527934074401855469e-01
1.987776905298233032e-01
-5.020967125892639160e-02
-3.109829425811767578e-01
-1.203651502728462219e-01
6.843677908182144165e-02
-9.362619370222091675e-02
1.959213018417358398e-01
2.766544520854949951e-01
3.674062713980674744e-02
1.297501474618911743e-01
-4.583326727151870728e-02
3.077709674835205078e-01
8.521179854869842529e-02
-1.373576838523149490e-02
6.582254767417907715e-01
9.864736348390579224e-02
-1.575691848993301392e-01
-1.045219972729682922e-01
-1.798278987407684326e-01
-2.884248457849025726e-02
-8.351611346006393433e-02
1.093758195638656616e-01
-1.313442289829254150e-01
3.347065299749374390e-02
2.870658934116363525e-01
-8.641203492879867554e-02
-1.587342917919158936e-01
-9.138902649283409119e-03
-7.144742459058761597e-02
-1.202196925878524780e-01
-6.598128937184810638e-03
3.115196228027343750e-01
2.704620063304901123e-01
-1.461871713399887085e-01
2.528352737426757812e-01
1.463932637125253677e-02
-2.125343866646289825e-02
1.613195240497589111e-01
-1.796765178442001343e-01
2.244701683521270752e-01
-8.837733417749404907e-02
3.318977653980255127e-01
-6.848447024822235107e-02
2.843719124794006348e-01
-1.889043152332305908e-01
1.077229529619216919e-01
-9.291842579841613770e-02
3.116387128829956055e-01
-1.116693466901779175e-01
-1.332412660121917725e-01
-4.834374040365219116e-02
2.487715929746627808e-01
-1.840428821742534637e-02
-1.334287673234939575e-01
-3.228665515780448914e-02
-1.126620769500732422e-01
2.139875851571559906e-02
-1.564673185348510742e-01
1.030418723821640015e-01
1.959374696016311646e-01
1.580645591020584106e-01
-2.510035876184701920e-03
-3.282211720943450928e-03
-1.497658640146255493e-01
1.958567202091217041e-01
2.885835766792297363e-01
2.691366076469421387e-01
2.227757424116134644e-01
2.057359218597412109e-01
-2.242158725857734680e-02
-8.377598226070404053e-02
3.033574819564819336e-01
1.997610777616500854e-01
1.899765878915786743e-01
-4.686344787478446960e-02
6.397792603820562363e-03
-5.272017717361450195e-01
4.097874835133552551e-02
2.067948505282402039e-02
1.833558827638626099e-01
1.550887525081634521e-01
2.802481316030025482e-02
3.153352141380310059e-01
3.249828517436981201e-01
3.400047123432159424e-01
2.921386063098907471e-01
8.773678541183471680e-02
1.879847794771194458e-02
5.739839002490043640e-02
