6.384067237377166748e-02
9.963590651750564575e-02
-8.978815376758575439e-02
2.003952264785766602e-01
1.621467173099517822e-01
-2.428866922855377197e-01
-2.906775474548339844e-01
2.802127972245216370e-02
5.259293317794799805e-02
-1.343685574829578400e-02
5.095130950212478638e-02
5.614296346902847290e-02
2.248164415359497070e-01
5.213624238967895508e-01
5.944089591503143311e-02
-1.022340357303619385e-01
4.567815363407135010e-01
-1.214781627058982849e-01
1.444255653768777847e-02
-1.616550236940383911e-01
3.173247277736663818e-01
-1.624787747859954834e-01
-3.289060667157173157e-02
3.134612441062927246e-01
4.229275286197662354e-01
-1.198978349566459656e-01
3.996015489101409912e-01
-1.095430925488471985e-01
-4.842117428779602051e-02
1.614557206630706787e-01
1.021104604005813599e-01
5.707771331071853638e-02
-1.233447790145874023e-01
3.221503496170043945e-01
1.736210733652114868e-01
-1.353691518306732178e-02
-1.571395620703697205e-02
-7.072010636329650879e-02
-6.810902804136276245e-02
-2.345881164073944092e-01
2.430807203054428101e-01
-1.450041402131319046e-02
-1.105445399880409241e-01
1.591107845306396484e-01
9.039750695228576660e-02
-9.285227954387664795e-02
-8.752987533807754517e-02
1.224942505359649658e-01
1.718075722455978394e-01
2.507568709552288055e-02
3.751817345619201660e-01
3.087888062000274658e-01
2.445583194494247437e-01
-1.171129196882247925e-01
9.856047481298446655e-02
3.148660063743591309e-01
-1.227210648357868195e-02
-5.427204445004463196e-02
-3.074334934353828430e-02
-1.116318404674530029e-01
-2.214469760656356812e-01
5.005145817995071411e-02
3.398943692445755005e-02
-5.605552718043327332e-02
-5.775374546647071838e-02
9.820263832807540894e-02
-5.675740540027618408e-02
8.962740749120712280e-02
4.169795289635658264e-02
1.024235635995864868e-01
4.977758973836898804e-02
1.716911047697067261e-01
-8.247756212949752808e-02
-9.930087253451347351e-03
7.353385537862777710e-02
8.390229940414428711e-02
5.887096282094717026e-03
-1.166819706559181213e-01
6.043150648474693298e-02
2.384739518165588379e-01
1.520823538303375244e-01
-3.340152651071548462e-02
2.936600893735885620e-02
2.809723317623138428e-01
8.556370437145233154e-02
-2.129218429327011108e-01
-4.123145341873168945e-02
2.130969166755676270e-01
9.537168592214584351e-02
2.238798439502716064e-01
1.060329154133796692e-01
3.179004788398742676e-01
-9.564079344272613525e-02
4.161407425999641418e-02
6.063721957616508007e-04
-1.450082212686538696e-01
2.502620220184326172e-01
-1.430654823780059814e-01
3.797311708331108093e-02
2.444781959056854248e-01
