-1.173487827181816101e-01
2.302684336900711060e-01
-4.900631606578826904e-01
-1.060715317726135254e-01
3.746696412563323975e-01
1.804102957248687744e-01
4.606003463268280029e-01
-2.169665507972240448e-02
1.576596200466156006e-01
-1.850337721407413483e-02
1.707016080617904663e-01
2.447112500667572021e-01
3.536259233951568604e-01
1.528498083353042603e-01
-1.356534659862518311e-01
3.585763275623321533e-01
-7.873440533876419067e-02
2.813390791416168213e-01
4.719512537121772766e-02
1.180245131254196167e-01
-1.127248033881187439e-01
3.282817602157592773e-01
2.998688817024230957e-01
-9.594518691301345825e-02
-2.125633805990219116e-01
1.924469508230686188e-02
7.954458706080913544e-03
2.156940996646881104e-01
2.703326046466827393e-01
2.415068745613098145e-01
4.730293899774551392e-02
2.812005281448364258e-01
8.827970176935195923e-02
8.275090903043746948e-02
-4.329416900873184204e-02
1.381435841321945190e-01
-3.639661148190498352e-02
2.266948521137237549e-01
6.338398903608322144e-02
8.990763872861862183e-02
-1.373857259750366211e-01
2.687421739101409912e-01
1.374503225088119507e-01
-1.241919025778770447e-01
-4.418805241584777832e-02
-2.187448292970657349e-01
3.084092736244201660e-01
9.527472406625747681e-02
-8.821023255586624146e-02
9.791357815265655518e-02
3.195623457431793213e-01
-5.784363299608230591e-02
2.206717282533645630e-01
3.104761838912963867e-01
7.664625346660614014e-02
7.443394660949707031e-01
-1.191766113042831421e-01
-1.304368525743484497e-01
-6.494675576686859131e-02
-5.069645121693611145e-02
-1.385560026392340660e-03
-1.228812858462333679e-01
-9.714752435684204102e-02
6.653951108455657959e-02
1.867650821805000305e-02
-2.145544886589050293e-01
-1.404487341642379761e-01
2.828518152236938477e-01
1.061200723052024841e-01
-9.678369387984275818e-03
6.423088908195495605e-02
-1.464591473340988159e-01
-1.426161080598831177e-02
4.275546967983245850e-02
-1.259439587593078613e-01
-8.291844278573989868e-03
1.521800011396408081e-01
2.881652116775512695e-01
5.217556282877922058e-02
3.090977668762207031e-01
-2.418371150270104408e-03
-5.247043073177337646e-02
2.965759932994842529e-01
3.146922886371612549e-01
3.716205358505249023e-01
2.537884712219238281e-01
3.662745654582977295e-01
-1.260065287351608276e-01
-3.456628322601318359e-02
-3.618008643388748169e-02
-8.918900042772293091e-03
-4.794477820396423340e-01
7.719621527940034866e-03
3.193158507347106934e-01
-3.437371924519538879e-02
3.307531774044036865e-01
-1.291897296905517578e-01
1.833035349845886230e-01
-7.201338559389114380e-02
-4.510453715920448303e-02
