2.673028409481048584e-01
1.897327154874801636e-01
1.785571314394474030e-02
-1.891028322279453278e-02
3.768822643905878067e-03
-1.356454798951745033e-03
2.300605736672878265e-02
-7.933364249765872955e-03
-1.715625226497650146e-01
-5.775326490402221680e-02
-7.414572872221469879e-03
1.040069833397865295e-01
3.085988387465476990e-02
5.637814290821552277e-03
6.004700437188148499e-02
-7.674022763967514038e-02
1.165347266942262650e-02
4.714866168797016144e-03
-1.132994238287210464e-02
8.051408827304840088e-02
-1.112107336521148682e-01
1.520002335309982300e-01
4.051660373806953430e-02
-2.341813445091247559e-01
2.086805850267410278e-01
-2.245937939733266830e-03
-8.425203850492835045e-04
8.809801191091537476e-02
1.169847771525382996e-01
3.157813847064971924e-02
3.175333887338638306e-02
2.250885963439941406e-01
-6.935398094356060028e-03
1.276752352714538574e-01
1.063566058874130249e-01
6.459847092628479004e-02
-4.771507680416107178e-01
9.713953733444213867e-02
5.447776988148689270e-02
-1.180018261075019836e-01
-5.712287127971649170e-02
1.191242039203643799e-01
1.673237383365631104e-01
-3.979266434907913208e-02
-1.708675920963287354e-01
2.311343252658843994e-01
2.137939073145389557e-02
-8.535518497228622437e-02
-5.488319694995880127e-02
1.216196194291114807e-01
1.931420713663101196e-02
-2.819967567920684814e-01
4.714716225862503052e-02
9.805656969547271729e-02
5.700900685042142868e-03
1.589897647500038147e-02
-6.975237280130386353e-02
1.222645416855812073e-01
1.078497692942619324e-01
5.093866959214210510e-02
2.368841916322708130e-01
8.293666690587997437e-02
1.700028181076049805e-01
9.739087522029876709e-02
4.123519361019134521e-02
7.555118203163146973e-02
2.610702514648437500e-01
1.551169753074645996e-01
-1.712382286787033081e-01
-2.125817239284515381e-01
1.046934202313423157e-01
1.764772385358810425e-01
1.764099597930908203e-01
8.336711674928665161e-02
-1.218996271491050720e-01
1.064867377281188965e-01
1.164942011237144470e-01
1.738848984241485596e-01
-2.020043879747390747e-01
6.054529547691345215e-02
9.059179574251174927e-02
1.537755727767944336e-01
1.061945967376232147e-02
-2.674982137978076935e-02
-1.286651939153671265e-01
-1.556813567876815796e-01
1.325034908950328827e-02
-3.298689723014831543e-01
-4.134946689009666443e-02
1.020508725196123123e-02
-2.850482463836669922e-01
4.538802430033683777e-02
7.739426195621490479e-02
1.114475876092910767e-01
-2.551160566508769989e-02
-1.800187118351459503e-02
-7.240591943264007568e-02
2.134981602430343628e-01
-6.063157320022583008e-02
1.998127549886703491e-01
