-5.069946050643920898e-01
-1.627101004123687744e-02
-6.019445881247520447e-02
1.109969392418861389e-01
2.063437132164835930e-03
1.128835231065750122e-02
8.455518633127212524e-02
-4.981941729784011841e-02
-7.416425272822380066e-03
4.486249387264251709e-01
-3.170481026172637939e-01
9.168790653347969055e-03
-2.485201805830001831e-01
8.734724484384059906e-03
1.308264881372451782e-01
9.947334975004196167e-02
-3.254035711288452148e-01
2.623337693512439728e-02
4.138284325599670410e-01
-3.529034256935119629e-01
1.634113863110542297e-02
1.372609585523605347e-01
8.476819097995758057e-02
-3.645449578762054443e-01
-2.582842707633972168e-01
1.869900971651077271e-01
-4.944587647914886475e-01
1.836613751947879791e-02
1.243314221501350403e-01
2.479310631752014160e-01
-3.200756013393402100e-01
-2.313254028558731079e-02
-8.614522218704223633e-02
6.121074408292770386e-02
-5.718433856964111328e-02
9.403450042009353638e-02
-2.499697916209697723e-02
9.727142751216888428e-02
-3.480888605117797852e-01
3.680465510115027428e-03
-1.504088635556399822e-03
-3.213140964508056641e-01
-2.748990654945373535e-01
5.586360022425651550e-02
-1.351054292172193527e-02
-3.163232505321502686e-01
-3.056381642818450928e-01
-1.747359931468963623e-01
3.217533230781555176e-02
1.353680789470672607e-01
4.622524678707122803e-01
-1.590085923671722412e-01
-3.656446933746337891e-01
-3.542706966400146484e-01
-2.296122349798679352e-02
-2.353542149066925049e-01
2.313059521839022636e-03
-3.609351813793182373e-02
-5.954134464263916016e-02
7.456322759389877319e-02
-3.687620162963867188e-02
8.620175719261169434e-02
-8.842656388878822327e-03
-1.614111363887786865e-01
-2.804890871047973633e-01
-2.110753953456878662e-01
-3.164952099323272705e-01
5.013342201709747314e-02
2.044198662042617798e-02
-1.762689836323261261e-02
5.464743077754974365e-02
7.307904213666915894e-02
-2.984761595726013184e-01
2.523366920650005341e-02
-1.882391981780529022e-02
-5.945605039596557617e-01
8.448461070656776428e-03
1.752632088027894497e-03
-4.045327007770538330e-01
-8.137987554073333740e-02
4.087627530097961426e-01
-6.647565215826034546e-02
1.209108978509902954e-01
9.811315685510635376e-03
1.309463977813720703e-01
9.732548147439956665e-02
1.105988994240760803e-01
8.659659326076507568e-02
-2.440889775753021240e-01
2.786723971366882324e-01
-4.652918875217437744e-02
5.254155397415161133e-01
2.481978200376033783e-02
4.874564241617918015e-03
1.273660957813262939e-01
7.474049180746078491e-02
-4.486889392137527466e-02
-3.031974844634532928e-02
9.891429543495178223e-02
-3.721077740192413330e-01
