1.744021922349929810e-01
3.046500384807586670e-01
-2.802909612655639648e-01
3.970168530941009521e-01
1.971579790115356445e-01
3.352105617523193359e-01
3.254065513610839844e-01
3.576177656650543213e-01
-1.170742884278297424e-01
2.689046859741210938e-01
-9.925909638404846191e-01
-5.571785196661949158e-02
-2.458641305565834045e-02
-2.090255469083786011e-01
8.110432885587215424e-03
-1.024459227919578552e-01
2.684605419635772705e-01
3.564902544021606445e-01
3.659701943397521973e-01
1.057558804750442505e-01
2.619477212429046631e-01
5.350510478019714355e-01
2.895670831203460693e-01
3.268294036388397217e-02
-8.989848941564559937e-02
3.731940984725952148e-01
-1.133334562182426453e-01
-5.853017047047615051e-02
1.428136881440877914e-02
3.178511857986450195e-01
3.603580594062805176e-01
2.713795006275177002e-01
2.562509477138519287e-01
-3.237859606742858887e-01
2.982298433780670166e-01
3.592913448810577393e-01
-1.424909830093383789e-01
-1.380433589220046997e-01
-1.145105063915252686e-01
2.249582260847091675e-01
2.309474162757396698e-02
-4.627137910574674606e-03
-1.331462860107421875e-01
-5.173704624176025391e-01
1.894382983446121216e-01
1.687385886907577515e-02
1.832794994115829468e-01
-1.679774671792984009e-01
1.791570335626602173e-01
-9.572919458150863647e-02
-1.848062686622142792e-02
-5.418226718902587891e-01
-2.298739738762378693e-02
-3.577918186783790588e-02
2.656161785125732422e-01
-2.825903892517089844e-02
-8.121895790100097656e-02
-1.325832605361938477e-01
-1.800477355718612671e-01
-8.072339743375778198e-02
3.647858798503875732e-01
-1.201932579278945923e-01
3.863882720470428467e-01
-5.626708269119262695e-02
3.704125285148620605e-01
-9.437610954046249390e-02
3.216997087001800537e-01
-5.501614138484001160e-02
-6.033847481012344360e-02
3.520525693893432617e-01
2.523548901081085205e-01
3.875747919082641602e-01
3.340699970722198486e-01
1.600345075130462646e-01
2.741223871707916260e-01
3.354555964469909668e-01
2.281154841184616089e-01
2.405599802732467651e-01
-8.607688359916210175e-03
2.393001019954681396e-01
-1.507234722375869751e-01
-1.172649264335632324e-01
-1.170653477311134338e-01
5.568708777427673340e-01
1.308933347463607788e-01
1.546712312847375870e-02
3.862682580947875977e-01
-6.667441222816705704e-03
3.253070414066314697e-01
3.759329319000244141e-01
9.360369294881820679e-02
-4.816525056958198547e-02
-7.502641994506120682e-03
2.317250072956085205e-01
3.468215465545654297e-01
-2.177381217479705811e-01
3.446592390537261963e-01
1.603854447603225708e-01
-1.010781005024909973e-01
3.092798292636871338e-01
