4.735268885269761086e-04
6.978525221347808838e-02
-3.249745070934295654e-01
1.326341331005096436e-01
4.163920506834983826e-02
1.127032935619354248e-01
7.913710922002792358e-02
5.002506077289581299e-02
-2.981325797736644745e-02
1.042220667004585266e-01
-9.549324512481689453e-01
-2.332329601049423218e-01
1.085653007030487061e-01
-3.726052343845367432e-01
-3.961071372032165527e-03
1.623601885512471199e-03
2.667061425745487213e-02
9.568119049072265625e-02
1.355204731225967407e-01
-1.871079951524734497e-01
6.409347057342529297e-02
6.323037147521972656e-01
4.130763188004493713e-02
-1.279740873724222183e-02
5.070125311613082886e-02
1.484797596931457520e-01
6.810404593124985695e-04
-1.747207641601562500e-01
-2.947264350950717926e-02
1.450811773538589478e-01
1.404479146003723145e-01
4.612338542938232422e-02
4.668208211660385132e-02
-2.313031554222106934e-01
4.623192921280860901e-02
6.089708581566810608e-02
1.425517797470092773e-01
-4.465175867080688477e-01
-1.089806947857141495e-02
2.324362285435199738e-02
-1.385032385587692261e-01
-4.467879831790924072e-01
-2.164066396653652191e-02
-6.598415970802307129e-01
1.865183375775814056e-02
-2.908548712730407715e-01
1.143872439861297607e-01
4.299684166908264160e-01
3.365992801263928413e-03
-4.622967913746833801e-02
-2.258408442139625549e-02
-3.918953835964202881e-01
-6.596601568162441254e-03
-4.036778211593627930e-02
1.103339642286300659e-01
-1.422914769500494003e-02
-4.743560552597045898e-01
2.354045808315277100e-01
-2.833084762096405029e-01
2.157790586352348328e-02
3.183025717735290527e-01
-2.348476797342300415e-01
1.088601201772689819e-01
-7.895843684673309326e-02
1.097126156091690063e-01
-5.832472443580627441e-01
9.496703743934631348e-02
-1.419034153223037720e-01
3.798571415245532990e-04
8.016979694366455078e-02
1.076122373342514038e-01
9.520660340785980225e-02
1.192988157272338867e-01
2.405280619859695435e-02
6.066076084971427917e-02
1.416392028331756592e-01
9.913858957588672638e-03
6.171038746833801270e-02
-7.450931519269943237e-02
2.849678136408329010e-02
-1.976145952939987183e-01
2.540210448205471039e-02
1.071771234273910522e-02
5.085231661796569824e-01
-1.000363528728485107e-01
-1.852214708924293518e-02
1.351985335350036621e-01
-5.010814219713211060e-02
1.195835247635841370e-01
1.028307080268859863e-01
1.463496824726462364e-03
-6.599042564630508423e-02
-2.264180034399032593e-02
3.199825063347816467e-02
5.064996331930160522e-02
-2.357930094003677368e-01
5.591246113181114197e-02
-2.364470390602946281e-03
-2.967052534222602844e-02
1.245495900511741638e-01
