-9.439837932586669922e-02
6.062704138457775116e-03
-3.150819242000579834e-02
-5.598877742886543274e-02
2.864978611469268799e-01
-3.909646272659301758e-01
2.484947815537452698e-02
-1.366713084280490875e-02
2.650221586227416992e-01
5.003641545772552490e-02
1.005964800715446472e-01
-3.832942545413970947e-01
-5.448879674077033997e-02
-5.773583650588989258e-01
-1.559542268514633179e-01
-3.314736485481262207e-02
3.472353331744670868e-03
1.660207360982894897e-01
-4.695008993148803711e-01
2.565003931522369385e-01
-9.058791212737560272e-03
1.411877274513244629e-01
-2.484477758407592773e-01
3.415144681930541992e-01
-3.383485227823257446e-02
3.739601746201515198e-02
-6.024600565433502197e-02
1.861479431390762329e-01
3.852794691920280457e-02
1.276971772313117981e-03
-1.040791347622871399e-01
-3.179288804531097412e-01
-8.794038556516170502e-03
-1.576377749443054199e-01
1.475905925035476685e-01
-2.417319566011428833e-01
-4.906346648931503296e-02
-1.136343702673912048e-01
2.114767283201217651e-01
-4.598792493343353271e-01
1.836557984352111816e-01
-1.108639314770698547e-02
-1.150377020239830017e-01
5.944387242197990417e-02
-5.650109052658081055e-02
-8.291480690240859985e-02
-1.211988329887390137e-01
-3.564449250698089600e-01
-9.017041325569152832e-02
4.051000624895095825e-02
-2.229932993650436401e-01
-1.497615724802017212e-01
1.072629317641258240e-01
-1.818169094622135162e-02
-4.155721142888069153e-02
-4.363450407981872559e-01
2.794016003608703613e-01
2.333251833915710449e-01
9.419913589954376221e-02
6.830414384603500366e-02
4.126401990652084351e-02
-1.569939851760864258e-01
2.917427197098731995e-02
-1.199640613049268723e-02
-1.348962485790252686e-01
2.333834022283554077e-01
-2.914370596408843994e-01
1.036184206604957581e-01
-6.534228473901748657e-02
-6.557893753051757812e-02
-6.873620301485061646e-02
5.061654746532440186e-02
-7.973639667034149170e-02
-6.800786126405000687e-03
-1.976055279374122620e-02
1.834261864423751831e-01
9.012508392333984375e-02
-1.276462823152542114e-01
-6.265897303819656372e-02
7.027803361415863037e-02
1.224910169839859009e-01
6.580061279237270355e-03
-7.466759532690048218e-02
-9.338305145502090454e-02
-4.389490187168121338e-01
-3.367523103952407837e-02
2.947423793375492096e-02
4.192477092146873474e-02
4.379494115710258484e-02
2.172343283891677856e-01
1.505209207534790039e-01
-4.638502374291419983e-02
-4.011603891849517822e-01
-2.404174655675888062e-01
1.050097718834877014e-01
-1.139386668801307678e-01
-1.396277695894241333e-01
3.119860310107469559e-03
-4.661254584789276123e-02
2.665742933750152588e-01
