8.137079328298568726e-02
-5.803038477897644043e-01
-2.752868086099624634e-02
-1.640483550727367401e-02
1.124854385852813721e-02
-6.933630108833312988e-01
3.299118578433990479e-02
9.281051903963088989e-02
-6.357625722885131836e-01
3.663710504770278931e-02
3.706721961498260498e-02
7.271661609411239624e-02
-4.676123615354299545e-03
8.845505863428115845e-02
8.280760049819946289e-02
-3.653548061847686768e-01
3.896111994981765747e-02
-1.061611175537109375e+00
1.073911562561988831e-01
9.939525276422500610e-02
6.390336155891418457e-02
-2.343460619449615479e-01
-3.828381896018981934e-01
-3.200913313776254654e-03
1.229435205459594727e+00
7.424139976501464844e-02
-1.764895558357238770e+00
7.347086817026138306e-02
7.325658947229385376e-02
-6.528148055076599121e-01
-1.910993643105030060e-02
-5.858961343765258789e-01
5.906382203102111816e-02
-4.217941164970397949e-01
2.067029289901256561e-02
9.260388463735580444e-02
-3.663570284843444824e-01
5.893385037779808044e-02
6.577077507972717285e-02
6.637921556830406189e-03
6.467428058385848999e-02
1.838817298412322998e-01
-4.849803149700164795e-01
8.499058336019515991e-02
7.928011566400527954e-02
-2.672946825623512268e-02
1.428430080413818359e-01
5.912172142416238785e-03
5.564141273498535156e-02
1.499057398177683353e-04
7.050308585166931152e-01
-2.717193588614463806e-02
-8.629546500742435455e-03
2.629392780363559723e-02
-5.350267887115478516e-01
-2.708168700337409973e-02
4.713444411754608154e-02
9.444177895784378052e-02
-3.378682434558868408e-01
5.842050909996032715e-02
7.864070683717727661e-02
-2.850416004657745361e-01
9.149751067161560059e-02
-1.761059835553169250e-02
-3.585149645805358887e-01
-4.454983472824096680e-01
3.349026292562484741e-02
4.335661977529525757e-02
6.188869103789329529e-02
3.879837691783905029e-01
4.416170716285705566e-02
-2.764733508229255676e-02
4.921270012855529785e-01
3.177288770675659180e-01
7.967330515384674072e-02
9.515773653984069824e-01
-2.959978282451629639e-01
-5.085317492485046387e-01
-1.758889853954315186e-02
1.004256233572959900e-01
-2.675530873239040375e-02
7.766332942992448807e-03
2.820510044693946838e-02
-2.299690991640090942e-02
5.078608915209770203e-02
5.831817165017127991e-02
1.918037422001361847e-02
-2.433678135275840759e-03
2.140062600374221802e-01
-4.960563965141773224e-04
5.796173214912414551e-02
-4.407855570316314697e-01
1.255426555871963501e-01
7.164347916841506958e-02
1.224974766373634338e-01
-6.342625245451927185e-03
3.111586906015872955e-02
-2.315050363540649414e-02
-6.763816475868225098e-01
-7.121199965476989746e-01
