8.521471917629241943e-02
-7.143336813896894455e-03
2.302685752511024475e-02
3.542721271514892578e-01
3.144878745079040527e-01
3.344724476337432861e-01
1.284357160329818726e-01
-2.169574610888957977e-02
-8.986439555883407593e-02
3.106680512428283691e-01
2.029175311326980591e-02
2.134273946285247803e-02
-1.372604221105575562e-01
2.225441187620162964e-01
2.815198004245758057e-01
2.526078522205352783e-01
-1.166001930832862854e-01
-2.039179764688014984e-02
-6.694772094488143921e-02
3.527261018753051758e-01
2.718964517116546631e-01
3.060373961925506592e-01
-9.203740209341049194e-02
2.874523699283599854e-01
3.614790141582489014e-01
-7.546606659889221191e-02
2.567151784896850586e-01
-2.078922465443611145e-02
1.621913909912109375e-01
3.506929278373718262e-01
2.853723466396331787e-01
3.537647128105163574e-01
-5.381155759096145630e-02
2.929432988166809082e-01
-2.211162634193897247e-02
3.202985525131225586e-01
3.284749090671539307e-01
3.936577737331390381e-01
3.402714431285858154e-02
-1.268441081047058105e-01
2.305527478456497192e-01
3.175773620605468750e-01
1.547537147998809814e-01
1.615152657032012939e-01
-8.721607923507690430e-02
-3.473964333534240723e-02
2.118317037820816040e-02
3.704011738300323486e-01
-4.872045014053583145e-03
-1.215811725705862045e-02
3.347268402576446533e-01
3.029268383979797363e-01
-2.649498879909515381e-01
2.347055971622467041e-01
-1.067560687661170959e-01
-2.109843939542770386e-01
5.345696955919265747e-02
-6.034995988011360168e-02
2.017875760793685913e-01
-1.057376638054847717e-01
5.373290926218032837e-02
-2.187878787517547607e-01
-1.952602528035640717e-02
3.603304326534271240e-01
-1.306123435497283936e-01
-2.210113918408751488e-03
2.760586440563201904e-01
-2.084717899560928345e-01
3.065652251243591309e-01
4.763032495975494385e-02
-1.246053129434585571e-01
2.145759910345077515e-01
2.375748157501220703e-01
-6.148777008056640625e-01
6.165033951401710510e-02
2.693650424480438232e-01
7.499087601900100708e-03
2.489319890737533569e-01
-2.071846723556518555e-01
-3.311871737241744995e-02
3.449889421463012695e-01
2.169956117868423462e-01
3.613340109586715698e-02
2.853752076625823975e-01
-7.445774227380752563e-02
-1.110956817865371704e-01
3.837980926036834717e-01
2.060203254222869873e-02
3.712168633937835693e-01
-1.959528625011444092e-01
-3.529577516019344330e-03
-1.201213225722312927e-01
2.285660356283187866e-01
-6.234725471585988998e-03
1.491931378841400146e-01
6.996915489435195923e-02
3.126955926418304443e-01
5.363453030586242676e-01
2.734833359718322754e-01
3.836267292499542236e-01
