-1.468213740736246109e-02
-6.368573755025863647e-02
1.127100177109241486e-02
6.193558126688003540e-02
4.727279767394065857e-02
9.811537712812423706e-02
-1.279409509152173996e-03
-4.689922928810119629e-02
-2.512296289205551147e-02
1.115378439426422119e-01
7.393617928028106689e-02
-3.619941323995590210e-02
-1.985876113176345825e-01
7.078971713781356812e-02
3.541008755564689636e-02
1.424992382526397705e-01
-1.024078298360109329e-02
-5.156232416629791260e-02
-5.052145197987556458e-02
1.241085082292556763e-01
1.027261987328529358e-01
1.016961708664894104e-01
-3.703853115439414978e-02
9.488036483526229858e-02
1.140276640653610229e-01
-1.792583800852298737e-02
7.179561257362365723e-02
-3.548143804073333740e-02
1.230922061949968338e-03
1.085465177893638611e-01
2.510460093617439270e-02
1.366147398948669434e-01
-4.306939989328384399e-02
1.202254444360733032e-01
-7.923329621553421021e-02
8.379501104354858398e-02
5.213334411382675171e-02
1.462878435850143433e-01
-7.722144573926925659e-02
-1.826991513371467590e-02
3.140115737915039062e-02
3.520092740654945374e-02
-3.638271882664412260e-04
1.766342818737030029e-01
-5.573795177042484283e-03
-1.142159849405288696e-01
1.151563227176666260e-02
1.249305680394172668e-01
-1.493265735916793346e-03
-4.124623537063598633e-02
4.359672963619232178e-02
1.210757121443748474e-01
-3.119025826454162598e-01
1.501540243625640869e-01
-7.703709602355957031e-02
-2.397789359092712402e-01
-3.182016685605049133e-02
-3.008001111447811127e-02
5.278803780674934387e-02
1.652937754988670349e-02
-3.879452869296073914e-02
-2.490808516740798950e-01
1.507299952208995819e-03
1.266584098339080811e-01
7.189952582120895386e-02
-1.339365262538194656e-02
9.277037531137466431e-02
-1.593394279479980469e-01
3.000343777239322662e-02
-6.432455033063888550e-02
-2.449904009699821472e-02
3.164671361446380615e-02
1.062237396836280823e-01
-6.665584444999694824e-01
-7.540041953325271606e-02
1.132815852761268616e-01
-2.010648511350154877e-02
1.008049324154853821e-01
-2.554574012756347656e-01
-1.987474411725997925e-01
8.830807358026504517e-02
1.324090212583541870e-01
-9.508722461760044098e-03
5.298356711864471436e-02
-7.696912437677383423e-02
-4.858709499239921570e-02
1.260093301534652710e-01
-5.216927081346511841e-02
1.195223480463027954e-01
-3.560629487037658691e-01
-2.930518426001071930e-02
-4.596821367740631104e-01
8.485725522041320801e-02
1.553062498569488525e-01
2.293716520071029663e-01
1.572070121765136719e-01
1.240187436342239380e-01
4.684218466281890869e-01
8.353671431541442871e-02
1.110111624002456665e-01
