1.765091270208358765e-01
1.138627603650093079e-01
-5.678708106279373169e-02
1.305432468652725220e-01
-2.027535811066627502e-02
1.699697524309158325e-01
6.935275346040725708e-02
-9.287421405315399170e-02
-7.204222679138183594e-02
-8.407054096460342407e-02
-1.751232706010341644e-02
2.697914242744445801e-01
1.678132414817810059e-01
-1.120886355638504028e-01
1.650749146938323975e-01
-1.957041621208190918e-01
-5.670257210731506348e-01
2.104017585515975952e-01
-4.627676010131835938e-01
2.624958753585815430e-01
2.469598203897476196e-01
3.062751330435276031e-02
5.471874400973320007e-02
1.333224922418594360e-01
-5.131697654724121094e-02
-1.193502917885780334e-01
1.245044618844985962e-01
2.520967721939086914e-01
7.359080016613006592e-02
-2.341116033494472504e-02
-1.222943291068077087e-01
-3.237511590123176575e-02
1.816927939653396606e-01
1.241681352257728577e-01
2.550877928733825684e-01
1.376361027359962463e-02
2.073490321636199951e-01
-2.025835812091827393e-01
-6.554027646780014038e-02
2.853281199932098389e-01
1.282772719860076904e-01
-9.379373490810394287e-02
-3.660500794649124146e-02
1.663048118352890015e-01
-1.279438287019729614e-01
7.783035188913345337e-02
2.747678160667419434e-01
-9.842633455991744995e-02
2.309069931507110596e-01
-4.260460287332534790e-02
-8.908122777938842773e-02
-2.368149310350418091e-01
-1.211191490292549133e-01
-4.704841226339340210e-02
1.209650412201881409e-01
-1.251026988029479980e-01
1.501296311616897583e-01
-2.136425860226154327e-02
-1.181907653808593750e-01
2.038923203945159912e-01
1.907072514295578003e-01
2.940868735313415527e-01
-3.524646162986755371e-02
-1.288290321826934814e-01
1.144847050309181213e-01
2.629719972610473633e-01
7.086809724569320679e-02
9.961894899606704712e-02
-1.357282102108001709e-01
1.154399216175079346e-01
7.708581686019897461e-01
-1.201741769909858704e-01
1.992281973361968994e-01
2.468985915184020996e-01
2.213202118873596191e-01
-1.226343959569931030e-01
7.495052367448806763e-02
4.517446085810661316e-02
1.534724533557891846e-01
-3.475533723831176758e-01
-2.771753072738647461e-01
-1.119651198387145996e-01
5.974837020039558411e-02
1.805299520492553711e-01
-4.831155762076377869e-03
2.399287670850753784e-01
8.650850653648376465e-01
2.314971238374710083e-01
-5.893231183290481567e-02
-6.959833204746246338e-02
4.104527831077575684e-02
2.060962766408920288e-01
1.736730784177780151e-01
1.934328526258468628e-01
2.018727660179138184e-01
9.060672484338283539e-03
1.907575428485870361e-01
1.143945232033729553e-01
-7.726401835680007935e-02
9.413614869117736816e-02
