6.789273023605346680e-02
-3.127288520336151123e-01
-2.178417593240737915e-01
-1.464202796341851354e-04
1.605856418609619141e-01
5.107508599758148193e-02
7.447180151939392090e-02
5.654451251029968262e-01
-3.010010719299316406e-01
-2.105336189270019531e-01
-6.833284278400242329e-04
1.117989420890808105e-01
7.199580967426300049e-02
-3.205494284629821777e-01
3.148357570171356201e-02
-6.268534064292907715e-01
-8.434370756149291992e-01
8.475153893232345581e-02
-6.220503449440002441e-01
1.328318566083908081e-01
1.011746898293495178e-01
-2.304032212123274803e-03
1.141236647963523865e-01
2.216026559472084045e-02
-6.378865242004394531e-01
-4.180415868759155273e-01
-2.445255815982818604e-01
-3.582044243812561035e-01
5.732103716582059860e-03
-2.797439396381378174e-01
3.518998995423316956e-02
-3.838110566139221191e-01
1.063119769096374512e-01
-3.817211389541625977e-01
8.861844241619110107e-02
1.777557283639907837e-01
3.573079034686088562e-02
-2.350154519081115723e-01
5.073189735412597656e-01
1.253064721822738647e-01
4.536151885986328125e-02
-4.283790290355682373e-01
-2.682770788669586182e-01
9.345965087413787842e-02
3.895986825227737427e-02
1.211867481470108032e-01
8.778069168329238892e-02
2.599539980292320251e-02
6.418373435735702515e-02
-2.808886766433715820e-01
1.024194248020648956e-02
-5.431535840034484863e-01
-2.787829339504241943e-01
-2.749100923538208008e-01
4.457558039575815201e-03
-3.856457397341728210e-02
2.853320837020874023e-01
-7.589313387870788574e-02
-9.885250590741634369e-03
5.062034726142883301e-02
5.608768761157989502e-02
1.649053394794464111e-01
-4.051121175289154053e-01
-2.387276887893676758e-01
7.221709191799163818e-02
5.325805768370628357e-02
9.068351984024047852e-02
-3.269242644309997559e-01
-2.620524168014526367e-02
2.473913729190826416e-01
4.987417161464691162e-01
-5.849100947380065918e-01
5.028237774968147278e-02
1.036893650889396667e-01
3.274473175406455994e-02
-4.294093847274780273e-01
-1.844628155231475830e-01
1.036582291126251221e-01
5.170814692974090576e-02
4.393584132194519043e-01
1.564473032951354980e+00
-5.316689610481262207e-03
-4.084532614797353745e-03
1.698629232123494148e-03
-2.741066925227642059e-02
3.579548746347427368e-02
7.310231924057006836e-01
1.036314740777015686e-01
-2.735170722007751465e-01
-5.633896961808204651e-02
-6.321734189987182617e-01
9.114712476730346680e-02
-1.851269043982028961e-03
8.587457984685897827e-02
-3.542398214340209961e-01
-4.355383217334747314e-01
1.129430010914802551e-01
-2.535893917083740234e-01
-3.872804939746856689e-01
-1.009732335805892944e-01
