2.654352784156799316e-02
3.488003835082054138e-02
1.683504879474639893e-01
5.568692833185195923e-02
5.540823191404342651e-02
3.396941721439361572e-02
6.327986717224121094e-02
1.570755988359451294e-02
-2.909742854535579681e-02
-5.217361450195312500e-02
8.657189458608627319e-02
1.343277283012866974e-03
-1.156930401921272278e-01
1.502525061368942261e-01
-8.327922970056533813e-02
-4.875587821006774902e-01
-3.534973785281181335e-02
-5.300520453602075577e-03
-5.780279263854026794e-02
1.307892799377441406e-01
1.679188162088394165e-01
9.029795974493026733e-02
1.164112798869609833e-02
2.986983163282275200e-03
-6.289498507976531982e-02
-4.342283606529235840e-01
-3.481633216142654419e-02
1.710927784442901611e-01
-1.962194740772247314e-01
-1.226685419678688049e-01
4.469423741102218628e-02
2.262721508741378784e-01
1.369388699531555176e-01
1.803591288626194000e-02
-2.249694615602493286e-01
2.887586653232574463e-01
-7.137896120548248291e-02
-1.017922684550285339e-01
-2.732960879802703857e-01
-3.183349967002868652e-01
1.493214517831802368e-01
-3.280198872089385986e-01
3.989530354738235474e-02
3.029946237802505493e-02
6.840211898088455200e-02
7.481139618903398514e-03
1.094302013516426086e-01
2.861659228801727295e-01
-1.080169901251792908e-01
1.002918556332588196e-01
-1.040668338537216187e-01
-6.441225856542587280e-02
-1.434567123651504517e-01
-1.380857080221176147e-03
1.335461139678955078e-01
-1.101441681385040283e-01
-6.385456025600433350e-02
-8.014494180679321289e-02
9.919635951519012451e-02
5.026007071137428284e-02
3.420267626643180847e-02
1.977345943450927734e-01
1.356485784053802490e-01
1.093121320009231567e-01
1.401277184486389160e-01
-1.859965473413467407e-01
1.434848755598068237e-01
6.139218341559171677e-03
3.036635369062423706e-02
2.443546801805496216e-02
-4.481944069266319275e-02
-1.038326546549797058e-01
-1.916971504688262939e-01
2.274806238710880280e-02
-9.598917514085769653e-02
-1.744896173477172852e-02
8.274922519922256470e-02
7.415615255013108253e-05
1.737680435180664062e-01
-9.529488533735275269e-02
1.753362864255905151e-01
1.213413402438163757e-01
2.116160392761230469e-01
-1.159787178039550781e-02
-2.457620762288570404e-02
1.651592669077217579e-03
-5.383375659584999084e-02
-7.918556034564971924e-02
-3.114595450460910797e-02
1.639860682189464569e-03
-6.027400493621826172e-02
7.919531315565109253e-02
-1.489459276199340820e-01
9.311643429100513458e-03
-1.169718569144606590e-03
1.041490659117698669e-01
8.802165836095809937e-02
1.645442694425582886e-01
4.990270733833312988e-02
1.173346266150474548e-01
