1.899546235799789429e-01
2.012489885091781616e-01
-1.267969757318496704e-01
3.064148426055908203e-01
-1.230514347553253174e-01
1.810540705919265747e-01
-1.178850755095481873e-01
2.849307060241699219e-01
3.155713677406311035e-01
-1.532105207443237305e-01
-1.616783291101455688e-01
8.928040973842144012e-03
2.799208164215087891e-01
8.810330182313919067e-03
3.273386061191558838e-01
3.013790249824523926e-01
-3.773154616355895996e-01
-6.333361566066741943e-02
2.858637869358062744e-01
2.272091656923294067e-01
2.952045202255249023e-01
2.881023883819580078e-01
1.282667368650436401e-01
-4.915123060345649719e-02
2.051655799150466919e-01
1.629392802715301514e-01
1.836340129375457764e-01
-6.116491556167602539e-02
-1.151594370603561401e-01
-2.918501384556293488e-02
-2.492189258337020874e-01
-4.246051907539367676e-01
-6.556058675050735474e-02
-9.583825618028640747e-02
-3.734945058822631836e-01
1.733672022819519043e-01
-8.240403234958648682e-02
-1.009629443287849426e-01
1.078474149107933044e-01
-2.714447081089019775e-01
2.651032805442810059e-01
1.207393854856491089e-01
1.857632547616958618e-01
4.802144467830657959e-01
2.032323926687240601e-01
1.356525868177413940e-01
3.186294436454772949e-01
2.878888845443725586e-01
-8.645263314247131348e-02
1.643185317516326904e-01
1.942269206047058105e-01
-1.320696324110031128e-01
3.249078691005706787e-01
3.486383855342864990e-01
2.650887072086334229e-01
-5.670575797557830811e-02
1.156841963529586792e-02
2.540253102779388428e-01
3.834020495414733887e-01
-8.978763222694396973e-02
2.056964337825775146e-01
2.130272090435028076e-01
-5.440109223127365112e-02
-2.500019073486328125e-01
-3.612563312053680420e-01
1.432624161243438721e-01
2.843153178691864014e-01
3.172976374626159668e-01
5.876661743968725204e-03
1.941726803779602051e-01
2.147865891456604004e-01
2.149124741554260254e-01
-1.316734105348587036e-01
2.543119490146636963e-01
-1.149742770940065384e-02
-1.794396713376045227e-02
-5.444620251655578613e-01
-1.081735193729400635e-01
2.284312397241592407e-01
-6.505826115608215332e-02
-3.995213657617568970e-02
3.492686152458190918e-01
2.208774536848068237e-01
2.268433272838592529e-01
-3.123633563518524170e-02
-3.166090846061706543e-01
2.507766783237457275e-01
2.434988170862197876e-01
-2.546823583543300629e-02
2.099268734455108643e-01
4.122234135866165161e-02
1.389904916286468506e-01
5.861136689782142639e-02
1.352904886007308960e-01
7.612519711256027222e-02
4.449894279241561890e-02
-1.975271999835968018e-01
-2.510823868215084076e-02
2.282512038946151733e-01
1.654022932052612305e-01
