1.560524012893438339e-02
3.195307031273841858e-02
4.463543370366096497e-02
8.017488569021224976e-02
-4.852146208286285400e-01
3.757164254784584045e-02
-3.154187798500061035e-01
8.990219235420227051e-02
7.311964780092239380e-02
-2.115513198077678680e-02
-2.386278361082077026e-01
-2.165262587368488312e-02
9.642121940851211548e-02
-2.781737595796585083e-02
1.102719902992248535e-01
1.165855154395103455e-01
-4.093361794948577881e-01
4.327911436557769775e-01
1.132820621132850647e-01
9.401421993970870972e-02
7.605907320976257324e-02
1.182214319705963135e-01
-3.254758426919579506e-03
-3.553268685936927795e-02
4.971012473106384277e-02
5.620921030640602112e-02
5.139060690999031067e-02
-2.008598856627941132e-02
-3.179401159286499023e-02
-3.158773779869079590e-01
-2.815671265125274658e-01
-3.095184564590454102e-01
3.129018098115921021e-02
-1.201960630714893341e-02
-3.363067507743835449e-01
2.177185378968715668e-02
-4.402734804898500443e-03
-5.370447635650634766e-01
2.831429941579699516e-03
-3.329506516456604004e-01
6.355527788400650024e-02
-1.254893243312835693e-01
1.108389906585216522e-02
3.096139430999755859e-01
3.302841633558273315e-02
1.471475046128034592e-02
1.189862713217735291e-01
9.558232873678207397e-02
3.282943367958068848e-01
3.968217596411705017e-02
1.354242675006389618e-02
-4.846069812774658203e-01
1.257453858852386475e-01
1.180163398385047913e-01
1.262833643704652786e-02
-3.730954229831695557e-01
2.167393919080495834e-03
1.207728683948516846e-01
2.686032652854919434e-01
-1.127083133906126022e-02
8.631540834903717041e-02
2.890540286898612976e-02
-4.293970763683319092e-01
3.944152891635894775e-01
-2.399765551090240479e-01
5.268872529268264771e-02
3.906173259019851685e-02
1.242382302880287170e-01
-3.615805506706237793e-02
2.699334733188152313e-02
4.095352441072463989e-02
6.006838381290435791e-02
5.031640641391277313e-03
5.913195386528968811e-02
1.062373723834753036e-02
-4.529115557670593262e-01
-9.452040195465087891e-01
-5.413957685232162476e-02
2.355373203754425049e-01
-4.145715013146400452e-02
-2.569393217563629150e-01
1.191141828894615173e-01
7.296668738126754761e-02
1.090807542204856873e-01
1.323075965046882629e-02
-2.401388436555862427e-01
2.100091800093650818e-02
9.700808674097061157e-02
-3.798058331012725830e-01
7.730204612016677856e-02
-2.689472138881683350e-01
5.558016151189804077e-02
-2.672040760517120361e-01
1.139645115472376347e-03
1.755162142217159271e-02
1.522642970085144043e-01
8.717634081840515137e-01
-2.807739973068237305e-01
1.155133172869682312e-01
5.942912399768829346e-02
