4.928836598992347717e-02
-1.198318786919116974e-02
-2.203701436519622803e-01
8.249601349234580994e-03
-2.017488181591033936e-01
-3.285635411739349365e-01
3.121687471866607666e-01
1.555316001176834106e-01
-1.103847771883010864e-01
-5.315341427922248840e-02
1.416747123003005981e-01
-9.124591946601867676e-02
-2.091012150049209595e-01
-1.153746545314788818e-01
-6.588337570428848267e-02
-3.527607321739196777e-01
-3.986231982707977295e-01
-5.121836811304092407e-02
-8.630418032407760620e-02
6.667196750640869141e-02
2.074133902788162231e-01
7.895185798406600952e-02
7.633058726787567139e-02
-7.832301408052444458e-02
-2.262040376663208008e-01
-1.631911098957061768e-01
-1.587509810924530029e-01
-5.370345339179039001e-02
-8.216421306133270264e-02
3.252846896648406982e-01
-2.701165154576301575e-02
-2.943253703415393829e-02
-3.879201784729957581e-02
-1.788968294858932495e-01
2.943164706230163574e-01
2.318819239735603333e-02
1.559094041585922241e-01
3.185287117958068848e-02
5.776157230138778687e-02
-8.534890413284301758e-02
-2.613576650619506836e-01
1.155867576599121094e-01
-4.424168169498443604e-02
1.852400451898574829e-01
-3.070217743515968323e-02
-7.425620406866073608e-02
4.492089897394180298e-02
-1.777059882879257202e-01
-4.582456871867179871e-02
-9.524860978126525879e-02
-1.207759231328964233e-01
-6.517967581748962402e-02
4.047912731766700745e-02
-3.731926679611206055e-01
-9.425975382328033447e-02
2.583600021898746490e-02
3.298174217343330383e-02
-1.159309595823287964e-01
-1.389313396066427231e-02
-3.945683315396308899e-02
2.702071070671081543e-01
-1.942128241062164307e-01
3.779797852039337158e-01
-4.971852153539657593e-02
-3.600322306156158447e-01
-1.734444499015808105e-02
2.725960910320281982e-01
1.901117525994777679e-02
4.401511326432228088e-02
-1.332528516650199890e-02
-1.505633294582366943e-01
1.383196711540222168e-01
3.048319518566131592e-01
-5.053782369941473007e-04
6.232701241970062256e-02
1.416424810886383057e-01
1.826739311218261719e-02
-1.256958395242691040e-01
3.810067428275942802e-04
3.021602928638458252e-01
1.183602213859558105e-01
-4.214811027050018311e-01
1.396899819374084473e-01
-1.291375607252120972e-01
-1.645147055387496948e-01
-4.978772625327110291e-02
-1.712049357593059540e-03
8.724953234195709229e-02
4.755444824695587158e-02
-2.841652631759643555e-01
-1.461925208568572998e-01
7.539842277765274048e-02
-1.936829090118408203e-01
3.349157422780990601e-02
-8.263448625802993774e-02
9.079411625862121582e-02
-1.275293827056884766e-01
-1.076857373118400574e-01
-9.084542840719223022e-02
1.696618646383285522e-01
