2.839331030845642090e-01
1.866227090358734131e-01
-4.297774285078048706e-02
5.171280726790428162e-02
2.505390346050262451e-01
9.738948196172714233e-02
5.390507727861404419e-02
9.632541239261627197e-02
-1.117933541536331177e-01
5.686497315764427185e-02
2.645650506019592285e-01
4.205367714166641235e-02
8.739972859621047974e-02
-3.833353146910667419e-02
1.128150671720504761e-01
-6.365195661783218384e-02
-1.888367533683776855e-02
-4.511595144867897034e-02
2.409808523952960968e-02
-6.618062965571880341e-03
1.569461226463317871e-01
1.862263232469558716e-01
1.005674451589584351e-01
-7.945497334003448486e-02
-6.179244816303253174e-02
3.853200376033782959e-02
-1.997353136539459229e-02
1.919622719287872314e-01
2.037763968110084534e-02
2.160365730524063110e-01
3.235324621200561523e-01
9.383102506399154663e-02
2.204535752534866333e-01
1.313228458166122437e-01
1.441100686788558960e-01
-5.632713064551353455e-02
1.797154247760772705e-01
1.958562135696411133e-01
5.561855155974626541e-03
1.730131804943084717e-01
3.076382577419281006e-01
-1.694736778736114502e-01
9.517383575439453125e-02
-6.280833482742309570e-02
7.430822402238845825e-02
6.579412519931793213e-02
7.922556996345520020e-02
3.125653266906738281e-01
-8.080906420946121216e-02
3.248720243573188782e-02
8.694106340408325195e-02
3.213746547698974609e-01
2.334305793046951294e-01
2.066116482019424438e-01
-1.002141982316970825e-01
1.062343791127204895e-01
1.373381316661834717e-01
2.755933701992034912e-01
1.905328184366226196e-01
2.006165385246276855e-01
2.834770083427429199e-01
-4.585515707731246948e-02
-5.606080591678619385e-02
2.306888438761234283e-02
3.222205936908721924e-01
1.867234520614147186e-02
1.105490177869796753e-01
-1.872563064098358154e-01
-4.019691422581672668e-02
1.630257517099380493e-01
6.928648799657821655e-02
6.137430295348167419e-02
5.512984842061996460e-02
1.361747980117797852e-01
1.394267082214355469e-01
1.860420256853103638e-01
7.714765518903732300e-02
1.031214520335197449e-01
1.868233233690261841e-01
8.118663728237152100e-02
-9.361404925584793091e-02
1.170755401253700256e-01
1.215157955884933472e-01
3.786841779947280884e-02
2.591030672192573547e-02
1.346802562475204468e-01
2.142425924539566040e-01
8.635055273771286011e-02
8.745115250349044800e-02
-1.245243102312088013e-01
2.350506782531738281e-01
1.016058400273323059e-01
3.307403326034545898e-01
2.536864578723907471e-01
-1.051758602261543274e-01
-4.469192028045654297e-02
2.124634943902492523e-02
1.470789909362792969e-01
2.614139392971992493e-02
1.491124182939529419e-01
