-3.205759823322296143e-02
-1.674222797155380249e-01
-2.063374966382980347e-02
-1.040070317685604095e-02
-7.686100155115127563e-02
-2.716052718460559845e-02
1.102476865053176880e-01
-3.975284844636917114e-02
1.146078258752822876e-01
1.086630597710609436e-01
-1.905147917568683624e-02
3.668521717190742493e-02
-2.375927194952964783e-02
-2.577537000179290771e-01
-3.735651448369026184e-02
4.378432035446166992e-02
5.856903642416000366e-02
2.227205596864223480e-02
6.567311286926269531e-02
-9.404361248016357422e-03
1.962705329060554504e-02
-1.372744888067245483e-02
-2.779945358633995056e-02
-3.707705140113830566e-01
2.095888182520866394e-02
6.811671704053878784e-02
1.273767650127410889e-01
-3.567757783457636833e-03
5.515707284212112427e-02
7.562146335840225220e-02
-8.156728930771350861e-03
-4.736199229955673218e-02
-7.119424641132354736e-02
7.393132895231246948e-02
-6.289560347795486450e-02
9.387065470218658447e-02
4.742796532809734344e-03
-1.347448909655213356e-03
8.894562721252441406e-03
-4.265085235238075256e-02
9.870616346597671509e-02
5.355732515454292297e-02
5.246002227067947388e-03
-7.729182392358779907e-02
7.198088616132736206e-02
-2.627391926944255829e-02
-8.126583881676197052e-03
4.436418414115905762e-02
7.725293980911374092e-04
-2.456544712185859680e-02
1.020429283380508423e-02
8.991150557994842529e-02
1.120874136686325073e-01
1.008421033620834351e-01
1.197740286588668823e-01
7.826389372348785400e-02
-2.001128531992435455e-02
-1.393001992255449295e-02
-8.803959935903549194e-02
6.217075884342193604e-02
7.924908399581909180e-02
4.025342687964439392e-02
1.420625206083059311e-02
-6.307287607342004776e-03
-1.306930463761091232e-02
2.528441697359085083e-02
-4.841772466897964478e-02
-4.540623351931571960e-02
1.935200244188308716e-01
-8.171566575765609741e-02
-1.407922152429819107e-02
1.140175163745880127e-01
4.918066784739494324e-02
-5.108112469315528870e-02
5.884455982595682144e-03
-5.553648807108402252e-03
4.554388672113418579e-02
-4.569917023181915283e-01
-1.690343953669071198e-02
1.286108344793319702e-01
7.471974939107894897e-02
1.229996681213378906e-01
-1.255081500858068466e-02
1.259994357824325562e-01
1.858256943523883820e-02
8.557832241058349609e-02
5.707185715436935425e-02
1.115813925862312317e-01
-4.201383590698242188e-01
7.410547137260437012e-02
-4.945507645606994629e-02
2.978211641311645508e-02
1.197524070739746094e-01
-1.764626428484916687e-02
9.446004033088684082e-02
1.333560496568679810e-01
1.913980767130851746e-02
2.601642906665802002e-02
-1.125873532146215439e-02
1.007424667477607727e-01
