3.481796011328697205e-02
-1.508174389600753784e-01
3.956636041402816772e-02
-1.722102314233779907e-01
-1.107915639877319336e-01
2.153236605226993561e-02
-9.393848478794097900e-02
3.740301132202148438e-01
-3.359117209911346436e-01
2.248796820640563965e-01
-1.098913848400115967e-01
9.411472827196121216e-02
-1.998701132833957672e-02
3.091471791267395020e-01
-8.000947535037994385e-02
-1.219704672694206238e-01
1.256423592567443848e-01
3.210335671901702881e-01
-2.389254868030548096e-01
-2.399445027112960815e-01
1.478126496076583862e-01
-6.626421958208084106e-02
3.845281153917312622e-02
2.809740006923675537e-01
1.615896262228488922e-02
2.721457779407501221e-01
1.846505701541900635e-01
1.379367709159851074e-02
-7.308101654052734375e-02
-6.677141785621643066e-02
-1.892580687999725342e-01
2.541940212249755859e-01
-8.296401053667068481e-02
1.507192701101303101e-01
1.487397104501724243e-01
1.065540909767150879e-01
1.108884066343307495e-01
1.180814728140830994e-01
-9.033003007061779499e-04
-5.071964114904403687e-02
1.338025629520416260e-01
-1.445133537054061890e-01
-5.906277149915695190e-02
-1.064008753746747971e-02
-9.702140465378761292e-03
-2.266172021627426147e-01
-2.110905572772026062e-02
2.024531811475753784e-01
-8.217169344425201416e-02
-2.807707153260707855e-02
8.839993178844451904e-02
-2.473371860105544329e-04
-3.595105409622192383e-01
-1.035957112908363342e-01
-1.657724678516387939e-01
-5.438081920146942139e-02
7.177587598562240601e-02
-3.590195998549461365e-02
-2.980473078787326813e-02
-1.280961781740188599e-01
-1.810360263334587216e-04
-9.691455401480197906e-03
8.311302959918975830e-02
-1.267000734806060791e-01
4.417135566473007202e-02
5.757255852222442627e-02
2.764104902744293213e-01
-1.948941498994827271e-01
-1.367234438657760620e-01
-1.815614104270935059e-02
-8.724001795053482056e-02
-6.093209609389305115e-02
-1.754355058073997498e-02
1.705035269260406494e-01
-1.855573505163192749e-01
-1.134253814816474915e-01
-1.580834239721298218e-01
-9.651663154363632202e-02
-6.463835388422012329e-02
3.438076078891754150e-01
1.465485095977783203e-01
9.139215946197509766e-02
-1.937749087810516357e-01
-4.868427664041519165e-02
-5.075781792402267456e-02
-2.223126776516437531e-02
-1.710636466741561890e-01
8.226543664932250977e-02
-5.239946302026510239e-03
-7.379838079214096069e-02
-4.639354348182678223e-02
-5.228378996253013611e-02
1.066418513655662537e-01
-1.076112985610961914e-01
3.296930789947509766e-01
-5.711884796619415283e-02
1.661194711923599243e-01
1.332051903009414673e-01
1.448951065540313721e-01
-1.684227287769317627e-01
