3.338936343789100647e-02
1.211157739162445068e-01
-5.968661978840827942e-03
3.372781351208686829e-02
2.965150177478790283e-01
4.405416548252105713e-02
-1.070409864187240601e-01
-3.758142143487930298e-02
1.120117679238319397e-01
-2.888318337500095367e-02
-7.869357243180274963e-03
-3.219960331916809082e-01
1.934264898300170898e-01
-5.282286554574966431e-02
-1.052837818861007690e-03
1.727126725018024445e-02
4.914634525775909424e-01
-5.989583730697631836e-01
2.440425939857959747e-02
1.901814341545104980e-02
-1.572663336992263794e-01
-4.787275567650794983e-02
1.081682220101356506e-01
-2.589137107133865356e-02
9.944814443588256836e-02
7.073318213224411011e-02
6.441437453031539917e-02
2.908441796898841858e-02
2.576438710093498230e-02
5.208312720060348511e-02
-1.583593487739562988e-01
-2.709787711501121521e-02
2.218636125326156616e-01
-5.423566102981567383e-01
-1.507478207349777222e-02
3.750663101673126221e-01
4.391579329967498779e-02
-2.488434165716171265e-01
-6.828550994396209717e-02
5.367253470467403531e-05
2.579514980316162109e-01
-6.673291325569152832e-02
7.512214034795761108e-02
-1.340715140104293823e-01
1.346377879381179810e-01
2.008052170276641846e-01
-1.406141463667154312e-02
3.143957853317260742e-01
-4.051291197538375854e-02
-1.060893237590789795e-01
-4.458594918251037598e-01
1.704218536615371704e-01
2.995580136775970459e-01
1.655214428901672363e-01
-1.225381270051002502e-01
1.104440540075302124e-01
1.231661960482597351e-01
-4.423610493540763855e-02
2.020995914936065674e-01
-6.226031482219696045e-02
2.397609949111938477e-01
1.500448435544967651e-01
2.065256386995315552e-01
-8.643406443297863007e-03
1.681879907846450806e-01
4.164381697773933411e-02
-2.198078781366348267e-01
2.040670961141586304e-01
-5.549689382314682007e-02
-1.066736951470375061e-01
-7.007580995559692383e-02
-8.175375312566757202e-02
3.589267432689666748e-01
1.684273928403854370e-01
-2.068101912736892700e-01
-1.606757342815399170e-01
6.982500851154327393e-02
-1.660451889038085938e-01
1.329993307590484619e-01
-3.127730265259742737e-02
-3.400408895686268806e-03
-8.627943694591522217e-02
1.230645552277565002e-02
-5.992457643151283264e-02
-5.990736559033393860e-02
-3.948693573474884033e-01
2.433432638645172119e-02
3.223888203501701355e-02
3.205306828022003174e-03
1.034813672304153442e-01
3.945767506957054138e-02
-1.779323816299438477e-01
-2.587099000811576843e-02
-1.870726197957992554e-01
3.384052217006683350e-01
-1.197701171040534973e-01
7.640318572521209717e-02
-4.719711840152740479e-02
5.524263903498649597e-02
3.665634989738464355e-02
