-3.708964586257934570e-01
1.529077410697937012e+00
3.382240831851959229e-01
-1.389387296512722969e-03
-3.441410362720489502e-01
-2.319019734859466553e-01
-7.569332420825958252e-02
-6.456042826175689697e-02
-2.771606482565402985e-02
1.250976324081420898e-02
7.303396612405776978e-02
3.143194690346717834e-02
-4.579104483127593994e-02
-2.967343330383300781e-01
5.304815131239593029e-04
4.051720257848501205e-03
-3.974317014217376709e-01
2.184925414621829987e-02
-6.100151222199201584e-04
-1.098401695489883423e-01
-3.114464282989501953e-01
-4.976223409175872803e-01
1.069761142134666443e-01
1.172366291284561157e-01
1.533600389957427979e-01
9.979369118809700012e-03
2.776715755462646484e-01
-1.993701010942459106e-01
-2.834884524345397949e-01
2.227032557129859924e-02
-2.936839824542403221e-03
1.319104991853237152e-02
-3.118293285369873047e-01
6.758888065814971924e-02
1.378424316644668579e-01
1.145480424165725708e-01
-4.288512095808982849e-02
-2.039215154945850372e-02
-1.949833780527114868e-01
9.890431165695190430e-02
-1.627653371542692184e-03
-6.052978634834289551e-01
1.203360110521316528e-01
-4.129644036293029785e-01
3.416583538055419922e-01
-2.292778789997100830e-01
6.628733873367309570e-01
-1.760285347700119019e-01
-1.662811636924743652e-01
-3.082261085510253906e-01
-1.993660628795623779e-02
-5.266704782843589783e-02
1.850795187056064606e-02
2.398097142577171326e-02
-2.416962683200836182e-01
8.649268150329589844e-01
1.668128371238708496e-01
8.695534616708755493e-02
-7.265887409448623657e-02
-1.049896627664566040e-01
-4.137682169675827026e-02
1.094837039709091187e-01
4.552052915096282959e-02
-2.352280467748641968e-01
-2.564194984734058380e-02
6.882458925247192383e-03
1.021332219243049622e-01
3.989594802260398865e-02
9.356881678104400635e-02
1.006661057472229004e-01
1.814228445291519165e-01
2.359960041940212250e-02
8.089902997016906738e-02
1.727354153990745544e-02
-2.273002415895462036e-01
3.994103893637657166e-02
3.201630664989352226e-03
-5.113367438316345215e-01
7.533214986324310303e-02
-4.470926821231842041e-01
9.980456531047821045e-02
8.032732456922531128e-02
-5.084833130240440369e-02
7.402027845382690430e-01
7.626977562904357910e-02
1.419733371585607529e-02
-1.199446804821491241e-02
-4.330478981137275696e-02
-2.278808355331420898e-01
9.023050963878631592e-02
-3.413397967815399170e-01
4.453731179237365723e-01
1.180291324853897095e-01
4.552543535828590393e-02
8.988678455352783203e-02
-3.773788809776306152e-01
5.345229431986808777e-02
-2.464332878589630127e-01
-7.478424906730651855e-01
-3.639644011855125427e-02
