-4.683959856629371643e-02
8.227320760488510132e-02
5.452216416597366333e-02
1.403242647647857666e-01
-5.425257608294487000e-02
-2.737023308873176575e-02
-3.289443850517272949e-01
9.187306277453899384e-03
-1.412955969572067261e-01
7.846658676862716675e-02
8.037479221820831299e-02
5.976747348904609680e-02
2.701850049197673798e-02
-2.040405422449111938e-01
1.079783439636230469e-01
1.346318870782852173e-01
1.317062228918075562e-02
3.617621958255767822e-02
-6.763298530131578445e-03
9.398240596055984497e-02
1.648811809718608856e-02
-3.779224306344985962e-02
1.325744017958641052e-02
5.324823036789894104e-02
4.645292833447456360e-02
9.864620864391326904e-02
-3.460006788372993469e-02
4.317793622612953186e-02
8.905474096536636353e-03
-5.802260041236877441e-01
-8.084717206656932831e-03
-1.675038039684295654e-01
2.261149138212203979e-02
5.450585857033729553e-02
1.052454039454460144e-01
6.002021022140979767e-03
-6.704303435981273651e-03
9.768089652061462402e-02
-2.582717835903167725e-01
1.019198670983314514e-01
8.655359596014022827e-02
-2.387747317552566528e-01
-4.021957144141197205e-02
2.902031503617763519e-02
7.699172198772430420e-02
-2.019514292478561401e-01
1.229715347290039062e-01
-5.827288702130317688e-02
-2.444957196712493896e-01
-4.196599423885345459e-01
-1.033563241362571716e-01
-2.734327316284179688e-01
1.115862056612968445e-01
-5.484794452786445618e-02
-2.268805168569087982e-02
-8.597923070192337036e-02
3.144004568457603455e-02
-1.960163749754428864e-02
1.109640300273895264e-01
-1.611656248569488525e-01
3.533271551132202148e-01
1.113551184535026550e-01
2.431121654808521271e-02
6.451906263828277588e-02
1.117214635014533997e-01
4.487994909286499023e-01
2.627730965614318848e-01
-1.855751033872365952e-04
4.833357036113739014e-02
-4.916989803314208984e-02
-3.457807004451751709e-01
9.165755659341812134e-02
1.203529611229896545e-01
-4.328799843788146973e-01
-6.401935219764709473e-02
-2.400049753487110138e-02
-6.660216022282838821e-03
-4.691256880760192871e-01
-2.613264694809913635e-02
7.737591862678527832e-02
5.063748359680175781e-02
9.243518859148025513e-02
-5.138395819813013077e-03
-2.095220386981964111e-01
3.929497301578521729e-02
-2.513295114040374756e-01
-3.864658996462821960e-02
-3.600937128067016602e-01
9.570879489183425903e-02
-1.472948938608169556e-01
1.297160238027572632e-02
-1.697976328432559967e-02
-6.473133713006973267e-02
-2.153669148683547974e-01
1.510530943050980568e-03
1.813086271286010742e-01
-2.304163426160812378e-01
8.372616767883300781e-02
-1.952801272273063660e-02
1.121165156364440918e-01
