-1.273313164710998535e-01
-1.156663224101066589e-01
-1.091291680932044983e-01
-6.070964038372039795e-02
-3.159651160240173340e-01
3.238763809204101562e-01
-2.066304907202720642e-02
2.905183732509613037e-01
1.360287666320800781e-01
3.238369524478912354e-01
1.947734802961349487e-01
2.925124466419219971e-01
2.404654175043106079e-01
-1.301730722188949585e-01
3.080112934112548828e-01
2.293737083673477173e-01
-1.251217424869537354e-01
2.917003333568572998e-01
3.308137506246566772e-02
-1.386949121952056885e-01
2.680705189704895020e-01
2.024354599416255951e-02
2.691914439201354980e-01
3.428132459521293640e-02
1.834931522607803345e-01
1.895233541727066040e-01
-1.065074652433395386e-01
9.883540868759155273e-02
1.296714786440134048e-02
2.203399538993835449e-01
1.710733585059642792e-02
5.333744734525680542e-02
1.864564269781112671e-01
2.473662644624710083e-01
2.105351835489273071e-01
9.090433828532695770e-03
-7.169131189584732056e-02
1.946005411446094513e-02
2.211910933256149292e-01
-3.760775327682495117e-01
3.378704488277435303e-01
-4.245771467685699463e-02
-2.595316991209983826e-02
3.117565512657165527e-01
3.476379811763763428e-01
-4.054524749517440796e-02
-5.968794226646423340e-02
2.501866221427917480e-01
2.266929484903812408e-03
1.334367990493774414e-01
2.167736887931823730e-01
5.134905576705932617e-01
6.311982870101928711e-01
2.341077774763107300e-01
1.362227350473403931e-01
-1.158887892961502075e-01
3.101731538772583008e-01
-9.931219369173049927e-02
9.987986646592617035e-03
1.866954006254673004e-02
3.158435821533203125e-01
2.238545864820480347e-01
3.166407942771911621e-01
1.926809996366500854e-01
2.999981939792633057e-01
2.743724882602691650e-01
-1.137836501002311707e-01
3.350996673107147217e-01
5.219132453203201294e-02
-1.086271256208419800e-01
2.932038605213165283e-01
-1.274129599332809448e-01
1.428205519914627075e-02
2.488885223865509033e-01
3.360972553491592407e-02
1.668892502784729004e-01
2.689183652400970459e-01
-4.569084942340850830e-01
1.590333729982376099e-01
3.161755204200744629e-01
-3.170803654938936234e-03
3.203160166740417480e-01
1.780352294445037842e-01
-2.773284912109375000e-01
-9.978213161230087280e-02
3.094905018806457520e-01
9.405341744422912598e-02
-4.596819169819355011e-03
2.381168156862258911e-01
-7.941204309463500977e-02
9.568427689373493195e-03
1.966682821512222290e-01
3.116799518465995789e-02
4.613636434078216553e-02
2.170221321284770966e-02
3.145817518234252930e-01
8.753801882266998291e-02
-9.781826287508010864e-02
-1.362833678722381592e-01
-5.915058776736259460e-02
