5.325438082218170166e-02
-3.854808211326599121e-02
-7.390815764665603638e-02
1.595635563135147095e-01
1.972424089908599854e-01
6.936738640069961548e-02
-1.430728845298290253e-02
-2.826667726039886475e-01
-1.904932260513305664e-01
-2.177104726433753967e-02
2.979331314563751221e-01
-6.725487858057022095e-02
1.764758490025997162e-02
-1.894213259220123291e-02
-2.765534520149230957e-01
-8.248927444219589233e-02
-7.822700589895248413e-02
3.092608153820037842e-01
-1.924954913556575775e-02
-1.019828990101814270e-01
4.989319667220115662e-02
-1.501091942191123962e-02
2.667870931327342987e-02
-1.899804621934890747e-01
2.965152263641357422e-02
1.741308867931365967e-01
1.430383604019880295e-02
-1.815177649259567261e-01
-8.299711346626281738e-02
-6.977503746747970581e-02
-7.571160793304443359e-02
-1.014733165502548218e-01
6.043286994099617004e-02
7.908304780721664429e-02
-2.876092493534088135e-01
1.656478643417358398e-01
-4.290575385093688965e-01
3.901849687099456787e-02
-1.643622219562530518e-01
5.580353364348411560e-02
1.815753728151321411e-01
5.716044828295707703e-02
9.470461308956146240e-02
-5.092622041702270508e-01
-1.584656387567520142e-01
1.722909212112426758e-01
-1.874715685844421387e-01
-2.766510285437107086e-02
-4.095539078116416931e-02
3.128910437226295471e-02
3.623538315296173096e-01
1.375564932823181152e-01
2.396585792303085327e-01
1.340401321649551392e-01
4.103600513190031052e-03
-1.392183601856231689e-01
-3.984705731272697449e-02
2.908724546432495117e-01
-1.024053469300270081e-01
2.628895081579685211e-02
-2.129905819892883301e-01
1.892409622669219971e-01
2.194096893072128296e-01
3.628377616405487061e-01
2.815020084381103516e-01
1.975948065519332886e-01
1.500627696514129639e-01
8.255203068256378174e-02
8.854458481073379517e-02
1.997149176895618439e-02
-4.657270386815071106e-02
-7.613961352035403252e-04
1.997336558997631073e-02
-1.467180848121643066e-01
-6.674341112375259399e-02
1.997271031141281128e-01
-1.645999252796173096e-01
1.324841827154159546e-01
1.562160402536392212e-01
-9.759902954101562500e-02
8.943344652652740479e-02
8.083146810531616211e-02
3.260662853717803955e-01
-2.521238029003143311e-01
1.523280050605535507e-02
-1.464771293103694916e-02
8.150038123130798340e-02
-5.408921092748641968e-02
-3.403618931770324707e-01
-3.857884407043457031e-01
1.881121695041656494e-01
2.536631189286708832e-02
3.652925789356231689e-02
1.931117661297321320e-02
-3.724884241819381714e-02
-1.963955610990524292e-01
-3.352453559637069702e-02
-1.326956897974014282e-01
-1.480882614850997925e-01
-1.822749376296997070e-01
