3.367807865142822266e-01
-2.580412924289703369e-01
-4.756313562393188477e-02
3.584460914134979248e-01
3.019878827035427094e-02
-1.640974134206771851e-01
-1.164371371269226074e-01
3.158505260944366455e-01
2.579433023929595947e-01
-5.103129148483276367e-02
-1.257796585559844971e-01
-2.228352427482604980e-02
1.925901323556900024e-01
-1.653450354933738708e-02
1.927935983985662460e-03
-3.908595144748687744e-01
2.665688097476959229e-01
2.242853045463562012e-01
4.107714165002107620e-03
1.353030055761337280e-01
3.734868392348289490e-02
3.678787872195243835e-02
-9.376912564039230347e-02
3.444516062736511230e-01
3.229457736015319824e-01
9.975779056549072266e-02
3.540998995304107666e-01
2.131223529577255249e-01
-7.489409297704696655e-02
-1.692293882369995117e-01
2.151822112500667572e-02
2.018342763185501099e-01
-1.082828566431999207e-01
-2.862135414034128189e-03
-3.620906174182891846e-02
-1.021309122443199158e-01
-7.397663593292236328e-02
3.171415030956268311e-01
-2.967272102832794189e-01
-1.235056295990943909e-01
1.281054615974426270e-01
3.276867046952247620e-02
-1.115551292896270752e-01
-2.004307508468627930e-01
2.587968707084655762e-01
6.008874252438545227e-02
2.023767083883285522e-01
8.656046539545059204e-02
-3.015471994876861572e-01
-6.099490821361541748e-02
-8.463156968355178833e-02
-8.539693802595138550e-02
3.688375353813171387e-01
4.834505170583724976e-02
-1.516963355243206024e-02
-9.178108721971511841e-02
2.537499964237213135e-01
4.131954163312911987e-02
-7.037784159183502197e-02
-1.692883372306823730e-01
1.587162911891937256e-01
5.734454467892646790e-02
-1.996673047542572021e-01
-1.307696998119354248e-01
5.457790940999984741e-02
3.433301299810409546e-02
3.096934854984283447e-01
2.852989137172698975e-01
-1.016448512673377991e-01
-4.083807114511728287e-03
1.931394189596176147e-01
-3.230045735836029053e-02
2.087879031896591187e-01
1.811755895614624023e-01
3.244231939315795898e-01
-1.084961276501417160e-02
-6.230869889259338379e-01
2.212635427713394165e-01
-3.590210154652595520e-02
1.039655432105064392e-01
5.130229890346527100e-02
2.244949191808700562e-01
2.409336715936660767e-02
1.298049390316009521e-01
9.845805354416370392e-03
-4.430730268359184265e-02
3.532084226608276367e-01
-2.324867248535156250e-02
-9.199280291795730591e-02
-1.288266759365797043e-02
1.886337697505950928e-01
3.206394612789154053e-01
9.392260015010833740e-02
1.744943708181381226e-01
-3.455525031313300133e-03
4.812667518854141235e-02
1.201226934790611267e-01
2.041895538568496704e-01
-7.695671916007995605e-02
-2.041671872138977051e-01
