1.349031031131744385e-01
4.457994401454925537e-01
1.133666560053825378e-02
1.064373329281806946e-01
-6.748709678649902344e-01
-2.843335866928100586e-01
-1.733910478651523590e-02
7.127584517002105713e-02
4.686711821705102921e-03
-4.746077209711074829e-02
1.627723127603530884e-02
-3.995723649859428406e-02
6.532143056392669678e-02
-4.618441164493560791e-01
-5.409446954727172852e-01
-5.252329707145690918e-01
9.698413312435150146e-02
8.936749398708343506e-02
-9.274628013372421265e-02
9.176183491945266724e-03
-3.019195236265659332e-02
1.527174375951290131e-02
-5.277327299118041992e-01
1.222480386495590210e-01
6.845106929540634155e-02
-3.035289347171783447e-01
1.204526722431182861e-01
3.999400511384010315e-02
4.496979340910911560e-02
4.698444902896881104e-01
-3.184990584850311279e-01
2.178570814430713654e-02
-7.654960732907056808e-03
2.640392817556858063e-02
-4.896361753344535828e-02
2.808764018118381500e-02
-2.941695787012577057e-02
8.381174504756927490e-02
6.450998187065124512e-01
-2.939104801043868065e-03
6.129943765699863434e-03
-4.027033224701881409e-02
2.109695598483085632e-02
-4.169889390468597412e-01
1.032008826732635498e-01
1.702654659748077393e-01
5.145158246159553528e-02
-5.651886463165283203e-01
1.357123970985412598e+00
-3.119488060474395752e-02
-1.019996684044599533e-02
-3.072999119758605957e-01
1.425772458314895630e-01
2.276703119277954102e-01
-3.852020204067230225e-02
-4.204219877719879150e-01
8.526527881622314453e-02
-2.650602459907531738e-01
-2.728648250922560692e-03
4.304337501525878906e-01
-1.687402129173278809e-01
-6.019304990768432617e-01
-3.906314969062805176e-01
2.737209759652614594e-02
-6.541091483086347580e-03
-2.215845584869384766e-01
1.145322099328041077e-01
7.835168391466140747e-02
2.751221321523189545e-02
1.851418870501220226e-03
9.369192272424697876e-02
-2.974314615130424500e-02
7.341369986534118652e-02
3.658093512058258057e-02
1.314380466938018799e-01
-2.464034035801887512e-02
-6.391867995262145996e-01
-4.621285796165466309e-01
-6.440458297729492188e-01
8.984301239252090454e-02
-3.580239117145538330e-01
9.821832180023193359e-02
-3.620162010192871094e-01
-3.419384062290191650e-01
-2.325840853154659271e-02
-1.812695525586605072e-02
1.159939020872116089e-01
-3.948233723640441895e-01
-4.103677347302436829e-02
2.409885823726654053e-02
1.455260533839464188e-02
5.285267159342765808e-02
-5.321672558784484863e-01
8.900241553783416748e-02
-1.852387376129627228e-02
-3.409194946289062500e-01
1.454205363988876343e-01
2.441488392651081085e-02
-1.491962466388940811e-02
-4.547311663627624512e-01
