2.174435555934906006e-01
-1.530867367982864380e-01
2.485888898372650146e-01
6.494326889514923096e-02
6.596927344799041748e-02
-3.406204283237457275e-01
1.542277634143829346e-01
-7.600373774766921997e-02
-8.691710233688354492e-02
-6.888493150472640991e-02
-3.415292799472808838e-01
-1.512900460511445999e-02
1.186395660042762756e-01
2.875016033649444580e-01
6.653743982315063477e-02
1.665789932012557983e-01
-1.202165782451629639e-01
2.524605095386505127e-01
2.910236418247222900e-01
1.235085353255271912e-01
-3.619603216648101807e-01
9.906087070703506470e-04
-9.913203865289688110e-02
-4.006879031658172607e-01
1.699912548065185547e-02
-5.615524202585220337e-02
2.638044767081737518e-02
1.908859312534332275e-01
1.006094589829444885e-01
-2.090404629707336426e-01
-4.087065160274505615e-02
1.534994840621948242e-01
1.333811581134796143e-01
1.543192565441131592e-01
1.175431683659553528e-01
7.800551503896713257e-02
-7.334585487842559814e-02
-3.600037097930908203e-02
9.774384647607803345e-02
-1.652080193161964417e-02
-3.591449558734893799e-01
-2.803735733032226562e-01
-1.508515030145645142e-01
-1.948241740465164185e-01
-1.361640691757202148e-01
1.359381079673767090e-01
2.078911215066909790e-01
-1.182359606027603149e-01
-1.026697680354118347e-01
-1.259683221578598022e-01
2.058473229408264160e-01
7.453406602144241333e-02
4.281367734074592590e-02
-1.367011666297912598e-02
1.889297179877758026e-02
4.589109495282173157e-02
3.164014816284179688e-01
-5.010675266385078430e-02
-9.077849239110946655e-02
-1.418565660715103149e-01
7.025655508041381836e-01
-1.284810435026884079e-02
1.859258562326431274e-01
-6.486829370260238647e-02
2.406596094369888306e-01
4.678916186094284058e-02
1.454553753137588501e-01
1.653286516666412354e-01
1.963856667280197144e-01
1.727472394704818726e-01
-5.963006615638732910e-02
-2.166858017444610596e-01
3.216624557971954346e-01
2.557596862316131592e-01
-1.053965538740158081e-01
2.264813482761383057e-01
6.923352926969528198e-02
2.558927834033966064e-01
9.882520139217376709e-02
8.370558917522430420e-02
1.343595888465642929e-02
1.952387988567352295e-01
-1.114675030112266541e-01
-1.375186443328857422e-01
-1.918994039297103882e-01
3.275494277477264404e-01
4.095159471035003662e-02
1.538861989974975586e-01
-1.369530558586120605e-01
-1.046887487173080444e-01
2.101536607369780540e-03
3.717837855219841003e-02
7.269763201475143433e-02
-1.019880250096321106e-01
-2.039603292942047119e-01
7.645524293184280396e-02
2.285866439342498779e-01
3.301531970500946045e-01
-1.677264720201492310e-01
2.282561957836151123e-01
