7.422561943531036377e-02
-2.715369760990142822e-01
8.447578549385070801e-02
-6.492847204208374023e-02
2.789391437545418739e-03
-2.360123097896575928e-01
1.709797419607639313e-02
-1.369338016957044601e-02
-4.239875078201293945e-02
-1.321844104677438736e-02
-4.829823076725006104e-01
-1.565015688538551331e-02
-2.787800431251525879e-01
1.075073853135108948e-01
-1.704297959804534912e-01
9.866134077310562134e-02
-7.111342251300811768e-02
9.246265888214111328e-02
8.146731555461883545e-02
-2.656440436840057373e-01
-3.492039740085601807e-01
7.043732330203056335e-03
-3.758996129035949707e-01
6.653385758399963379e-01
-3.797584176063537598e-01
1.782636903226375580e-02
-3.727503120899200439e-02
2.096042782068252563e-01
-3.005951642990112305e-01
-3.637746870517730713e-01
-3.095052838325500488e-01
6.031994894146919250e-02
6.062105298042297363e-02
1.342501118779182434e-02
2.461369335651397705e-01
2.417464973405003548e-03
-3.034373223781585693e-01
1.586676537990570068e-01
-1.669207066297531128e-01
2.089290320873260498e-01
8.960596323013305664e-01
3.934022188186645508e-01
-3.887760937213897705e-01
-4.193698465824127197e-01
-3.329117894172668457e-01
7.010041177272796631e-02
7.639443129301071167e-02
8.875475265085697174e-03
5.982267484068870544e-02
-6.753365695476531982e-02
9.116713702678680420e-02
3.052356839179992676e-01
-1.066954154521226883e-02
-2.198267132043838501e-01
-6.514771580696105957e-01
-3.584250509738922119e-01
1.053620576858520508e-01
8.047341555356979370e-02
2.414946211501955986e-03
3.347251713275909424e-01
9.667931795120239258e-01
9.773441404104232788e-02
5.810438469052314758e-02
-2.294694073498249054e-02
1.069729998707771301e-01
-1.169354394078254700e-01
5.186824128031730652e-02
-2.380981743335723877e-01
6.027478724718093872e-03
2.686996571719646454e-02
-1.706890389323234558e-02
3.739601075649261475e-01
1.193943023681640625e-01
1.107170134782791138e-01
7.040517926216125488e-01
5.673167482018470764e-02
-2.685265243053436279e-01
1.160000041127204895e-01
2.296325564384460449e-02
-2.895674407482147217e-01
-4.198952391743659973e-02
1.524125933647155762e-01
-4.341517388820648193e-02
-1.313557848334312439e-02
-2.428602725267410278e-01
1.218112185597419739e-01
-2.307800650596618652e-01
9.018062800168991089e-02
6.886954652145504951e-04
-2.675238437950611115e-02
-1.190055627375841141e-02
-2.182317078113555908e-01
-1.965413391590118408e-01
-2.485770732164382935e-01
-3.852421641349792480e-01
-1.585806608200073242e-01
3.566646575927734375e-02
1.295359581708908081e-01
-3.060085475444793701e-01
6.657852977514266968e-02
