2.352182753384113312e-02
5.187619477510452271e-02
7.317833602428436279e-02
-3.981968387961387634e-02
-1.583558171987533569e-01
2.414477020502090454e-01
-1.040415689349174500e-01
-3.843366205692291260e-01
-3.455296158790588379e-02
2.500669658184051514e-01
-1.578406542539596558e-01
1.796671450138092041e-01
2.328299582004547119e-01
3.837023377418518066e-01
1.987021565437316895e-01
-3.540426492691040039e-01
-1.857587322592735291e-02
5.365461111068725586e-02
4.224796593189239502e-01
3.656903505325317383e-01
-1.060617715120315552e-02
1.530922576785087585e-02
-2.199470102787017822e-01
-8.452047407627105713e-02
1.626538038253784180e-01
3.369720280170440674e-01
-9.856268763542175293e-02
-1.234658900648355484e-02
1.000339444726705551e-02
2.922704070806503296e-02
-1.465021669864654541e-01
-5.826162546873092651e-02
3.629060834646224976e-02
2.197915315628051758e-01
-4.934062808752059937e-02
4.077130556106567383e-01
-1.851400285959243774e-01
4.851445555686950684e-02
5.785815417766571045e-02
1.363691240549087524e-01
-3.302983567118644714e-02
1.622615158557891846e-01
-3.080180287361145020e-01
3.252313435077667236e-01
1.648937910795211792e-01
-2.871472537517547607e-01
6.404884159564971924e-02
2.702674567699432373e-01
-3.294760882854461670e-01
3.016205728054046631e-01
2.905130088329315186e-01
4.539641737937927246e-02
3.713920116424560547e-01
-9.614215791225433350e-02
-6.555718183517456055e-02
-1.108191758394241333e-01
-7.758568972349166870e-02
7.051999121904373169e-02
2.957338690757751465e-01
6.962366402149200439e-02
3.091016709804534912e-01
3.261305987834930420e-01
4.150633811950683594e-01
3.709152340888977051e-01
-4.101483523845672607e-01
4.671607166528701782e-02
2.070906907320022583e-01
3.119796216487884521e-01
7.767213508486747742e-03
1.643486022949218750e-01
2.647088468074798584e-01
2.013913355767726898e-03
1.172274723649024963e-02
-2.307014018297195435e-01
-3.767976909875869751e-02
1.823002696037292480e-01
-1.238569691777229309e-01
2.461512759327888489e-02
-1.205779984593391418e-01
2.485150694847106934e-01
1.934660077095031738e-01
-1.203110516071319580e-01
3.879925310611724854e-01
-3.018065690994262695e-01
2.699080407619476318e-01
-8.930999040603637695e-02
3.286475539207458496e-01
-4.025855362415313721e-01
-9.850474447011947632e-02
3.274261951446533203e-01
-5.641393363475799561e-03
-3.675573319196701050e-02
1.389262527227401733e-01
-9.168422967195510864e-02
-1.127465069293975830e-02
-7.689680904150009155e-02
1.119740307331085205e-02
-6.557410210371017456e-02
3.287409245967864990e-01
3.310139179229736328e-01
