5.113214626908302307e-02
3.317506313323974609e-01
5.127932131290435791e-02
6.063177064061164856e-02
-1.005409508943557739e-01
-1.039176806807518005e-01
2.106766253709793091e-01
1.986584663391113281e-01
3.501051068305969238e-01
2.957436740398406982e-01
2.950200736522674561e-01
2.256879806518554688e-01
-7.558255642652511597e-02
-2.933622896671295166e-02
2.041413038969039917e-01
3.512789905071258545e-01
-9.639171510934829712e-02
-1.312798857688903809e-01
-2.517858892679214478e-02
-9.914407134056091309e-02
-7.892821729183197021e-02
-4.685294255614280701e-02
-5.430995672941207886e-02
3.674362897872924805e-01
3.665194213390350342e-01
4.706328036263585091e-04
-2.876290492713451385e-02
-1.555770039558410645e-01
-4.698622226715087891e-02
-1.198722794651985168e-01
-2.246346324682235718e-02
-1.401705443859100342e-01
2.780319154262542725e-01
2.437403798103332520e-01
2.689815759658813477e-01
1.820894926786422729e-01
-3.802973926067352295e-01
1.764053851366043091e-01
-1.141841709613800049e-01
3.297693729400634766e-01
2.926587313413619995e-02
3.385741710662841797e-01
2.660117745399475098e-01
-4.624088108539581299e-02
-7.493524253368377686e-02
1.820659041404724121e-01
-1.438346970826387405e-02
-8.365783095359802246e-02
7.177922874689102173e-02
-1.029489114880561829e-01
2.831807136535644531e-01
2.168890833854675293e-01
2.012026607990264893e-01
1.836292296648025513e-01
-1.198635026812553406e-01
-1.403897162526845932e-02
2.321688234806060791e-01
2.221070379018783569e-01
-1.104534789919853210e-01
-1.903280913829803467e-01
-1.147164925932884216e-01
5.878726243972778320e-01
-1.248950734734535217e-01
1.898950785398483276e-01
3.308713436126708984e-01
1.997268795967102051e-01
-6.323748081922531128e-02
-5.666649714112281799e-02
-1.093805730342864990e-01
-2.647284418344497681e-03
-1.203315481543540955e-01
3.335818946361541748e-01
-2.429030276834964752e-02
-2.133113564923405647e-03
3.457792103290557861e-01
-6.741680949926376343e-02
6.507779657840728760e-02
2.048077993094921112e-02
-3.572690533474087715e-03
1.750803738832473755e-02
3.040148913860321045e-01
1.030592545866966248e-01
-1.523634791374206543e-01
2.131819725036621094e-01
-1.020844057202339172e-01
1.602225005626678467e-01
-1.395375877618789673e-01
3.257968127727508545e-01
-2.786136567592620850e-01
9.913094341754913330e-02
-1.220557913184165955e-01
3.008218109607696533e-01
-3.971380367875099182e-02
-1.531183253973722458e-02
-6.092518195509910583e-02
-8.416060358285903931e-02
-8.821897208690643311e-02
3.148733675479888916e-01
5.713590383529663086e-01
3.427857458591461182e-01
