6.122391670942306519e-02
5.079773068428039551e-02
2.874159514904022217e-01
5.919099971652030945e-02
-1.064027622342109680e-01
1.388918459415435791e-01
2.716709300875663757e-02
1.405659765005111694e-01
-1.556527614593505859e-01
2.071479707956314087e-01
1.992479711771011353e-01
-3.342268988490104675e-02
1.079294979572296143e-01
1.931826472282409668e-01
-9.966861689463257790e-04
-7.611531764268875122e-02
1.278595030307769775e-01
-1.222321242094039917e-01
-1.517083495855331421e-01
4.368673078715801239e-03
3.195042610168457031e-01
1.794760823249816895e-01
-6.089145317673683167e-02
2.542289793491363525e-01
-4.310515522956848145e-02
7.336656749248504639e-02
6.237659975886344910e-02
-1.535330861806869507e-01
-1.929392665624618530e-02
2.743740081787109375e-01
7.893089950084686279e-02
-3.803558414801955223e-03
3.529561683535575867e-02
-8.071597665548324585e-03
2.576129436492919922e-01
1.119765415787696838e-01
2.498918212950229645e-02
4.221932962536811829e-02
1.687185615301132202e-01
8.652260899543762207e-02
-3.197731822729110718e-02
4.038361459970474243e-02
-2.410781830549240112e-01
1.328176409006118774e-01
-4.023273475468158722e-03
2.671231627464294434e-01
-9.256791323423385620e-02
2.900906801223754883e-01
-1.684442609548568726e-01
1.449175458401441574e-02
1.277022808790206909e-01
-4.843788966536521912e-02
1.124191507697105408e-01
-2.844006754457950592e-02
8.228281140327453613e-02
-3.104171901941299438e-02
1.196016147732734680e-01
2.200001776218414307e-01
1.132251545786857605e-01
5.243975669145584106e-02
-6.607808172702789307e-02
8.143445104360580444e-02
1.255536824464797974e-02
1.485217809677124023e-01
4.412482492625713348e-03
6.106930226087570190e-02
-1.763940304517745972e-01
1.017834171652793884e-01
2.397199422121047974e-01
-5.299018323421478271e-02
8.921770006418228149e-02
-5.274397507309913635e-02
1.764457672834396362e-01
2.831150591373443604e-01
1.000029966235160828e-01
1.802237778902053833e-01
-1.051266193389892578e-01
1.179420575499534607e-01
6.353736668825149536e-02
9.727577120065689087e-02
1.122340634465217590e-01
9.346581995487213135e-02
1.198323965072631836e-01
-1.092847660183906555e-01
-3.821413516998291016e-01
-3.159317746758460999e-02
-2.246456034481525421e-02
6.428921967744827271e-02
-1.056013330817222595e-01
5.969652906060218811e-02
1.547143757343292236e-01
1.662379652261734009e-01
-1.034203264862298965e-02
1.742428839206695557e-01
3.894485533237457275e-02
3.417666852474212646e-01
2.631168067455291748e-01
8.618889003992080688e-02
2.507781982421875000e-02
4.459496960043907166e-02
