2.532714977860450745e-02
-1.147173494100570679e-01
1.990170031785964966e-01
4.987741634249687195e-02
-2.205146253108978271e-01
1.813383698463439941e-01
-6.286989897489547729e-02
-1.291617453098297119e-01
1.540921330451965332e-01
-3.112757503986358643e-01
1.377366296947002411e-02
-1.116867437958717346e-01
3.481574654579162598e-01
-3.008846566081047058e-02
-1.456059981137514114e-03
5.615372061729431152e-01
-3.416296839714050293e-02
-1.202030181884765625e-01
2.922971546649932861e-01
2.250618189573287964e-01
4.207700118422508240e-02
3.409345448017120361e-01
3.361549675464630127e-01
-8.211278170347213745e-02
6.490935385227203369e-02
3.485329151153564453e-01
1.286797821521759033e-01
2.769519686698913574e-01
-3.721779584884643555e-02
-2.440971694886684418e-02
1.868136599659919739e-02
1.502389907836914062e-01
-1.481815278530120850e-01
6.502911448478698730e-02
6.809742748737335205e-02
2.405165135860443115e-01
3.709432184696197510e-01
2.256790399551391602e-01
7.417327165603637695e-02
4.554403014481067657e-03
-1.090872064232826233e-01
-4.425076395273208618e-02
2.940046489238739014e-01
-5.875325575470924377e-02
-9.193890541791915894e-02
-8.407001197338104248e-02
-8.613573014736175537e-02
3.768686056137084961e-01
1.708439365029335022e-02
3.983460366725921631e-01
3.933259844779968262e-01
3.061618506908416748e-01
-2.161593362689018250e-02
-9.281306713819503784e-02
5.254061520099639893e-02
-1.014216020703315735e-01
2.471119612455368042e-01
-1.131862625479698181e-01
-8.816540986299514771e-02
3.760794699192047119e-01
2.740358412265777588e-01
2.385807782411575317e-01
-1.108300834894180298e-01
4.078225418925285339e-02
3.048797547817230225e-01
3.772895336151123047e-01
3.351876512169837952e-02
4.053983092308044434e-01
-8.422874659299850464e-02
3.748063743114471436e-01
5.916929244995117188e-02
1.843497306108474731e-01
-6.756483763456344604e-02
3.813556730747222900e-01
2.638443112373352051e-01
-7.177364826202392578e-02
-1.049942895770072937e-01
2.231447957456111908e-02
-9.763435274362564087e-02
4.003038108348846436e-01
3.384718000888824463e-01
-1.098705306649208069e-01
2.542713582515716553e-01
3.615681082010269165e-02
-3.881199657917022705e-02
9.495277889072895050e-03
-7.919590175151824951e-02
5.493417382240295410e-02
2.881936430931091309e-01
1.196500509977340698e-01
3.894529938697814941e-01
3.092626333236694336e-01
3.707259893417358398e-01
2.981140911579132080e-01
-8.091012388467788696e-02
-1.165645197033882141e-01
4.274873062968254089e-02
-1.139188483357429504e-01
6.968769431114196777e-02
2.933439016342163086e-01
