1.847714334726333618e-01
-5.576372612267732620e-03
-2.061191014945507050e-02
2.170963957905769348e-02
3.141033053398132324e-01
2.257966622710227966e-02
-1.224648132920265198e-01
1.072622537612915039e-01
-3.201411291956901550e-02
2.256086021661758423e-01
1.611962616443634033e-01
-4.924651607871055603e-02
5.675712972879409790e-02
1.848762668669223785e-02
1.123762354254722595e-01
2.270559817552566528e-01
4.578968137502670288e-02
-2.188693434000015259e-01
5.032037198543548584e-02
7.618153840303421021e-02
5.837877281010150909e-03
2.790395915508270264e-01
-5.902305990457534790e-02
3.015930205583572388e-02
6.854402273893356323e-02
1.690415889024734497e-01
1.770552992820739746e-01
2.848033308982849121e-01
-2.296142652630805969e-02
-4.785428941249847412e-02
1.623503491282463074e-02
-2.232109755277633667e-01
2.512102760374546051e-02
1.292511075735092163e-02
-8.640992641448974609e-02
2.072869241237640381e-02
-8.208448439836502075e-02
-2.148873358964920044e-02
1.256031095981597900e-01
-1.192229613661766052e-01
-2.185223996639251709e-02
1.380245685577392578e-01
8.289787918329238892e-02
4.067459702491760254e-02
-7.385245710611343384e-02
7.317094504833221436e-02
-9.611508995294570923e-02
1.879969090223312378e-01
3.166163712739944458e-02
3.131841367576271296e-04
7.122528553009033203e-02
7.631407678127288818e-02
-1.128564123064279556e-02
3.893480822443962097e-02
8.314999192953109741e-02
-2.516593784093856812e-02
-2.027454040944576263e-02
2.390783652663230896e-02
-1.272915303707122803e-02
8.175057917833328247e-02
4.644068703055381775e-02
2.536450028419494629e-01
1.058867946267127991e-01
-5.872810143046081066e-04
-9.811887517571449280e-03
6.518505513668060303e-02
-2.797736525535583496e-01
2.894545197486877441e-01
-2.253839671611785889e-01
-6.116457656025886536e-02
-8.361030369997024536e-03
-3.330504894256591797e-02
3.581391274929046631e-02
1.806946396827697754e-01
-2.510000765323638916e-01
1.035581529140472412e-01
-5.279576405882835388e-02
-5.990109592676162720e-02
-1.226560547947883606e-01
2.495366036891937256e-01
-5.845505744218826294e-02
5.341412499547004700e-02
7.809662818908691406e-02
-9.340270608663558960e-02
7.554591447114944458e-02
1.436762213706970215e-01
-7.157650589942932129e-02
5.617662146687507629e-02
-9.632997214794158936e-02
3.444982576183974743e-04
-7.759968936443328857e-02
1.350979655981063843e-01
-2.565834112465381622e-02
7.025913149118423462e-02
3.054710663855075836e-02
-2.493027783930301666e-02
1.874919384717941284e-01
5.878064408898353577e-02
-7.637409865856170654e-02
5.521758273243904114e-02
