-3.491719067096710205e-02
2.962825000286102295e-01
2.927891910076141357e-01
3.308729231357574463e-01
2.849294431507587433e-02
-1.375788748264312744e-01
-3.522225618362426758e-01
1.324143856763839722e-01
-1.385941356420516968e-01
-7.512965053319931030e-02
2.915350496768951416e-01
2.193681299686431885e-01
1.934592872858047485e-01
-1.696087568998336792e-01
2.246778905391693115e-01
7.436443585902452469e-03
2.357710152864456177e-02
1.704637110233306885e-01
-4.129942506551742554e-02
2.937424480915069580e-01
-1.160826608538627625e-01
-5.497585516422986984e-03
8.218000829219818115e-02
2.456163465976715088e-01
2.504165470600128174e-01
2.277154028415679932e-01
-1.095370352268218994e-01
2.286120802164077759e-01
1.611835062503814697e-01
-4.362985491752624512e-01
-1.047839820384979248e-01
1.341249197721481323e-01
1.907216608524322510e-01
2.909429371356964111e-01
2.872184216976165771e-01
-8.596018701791763306e-02
-3.380010649561882019e-02
1.734590083360671997e-01
-3.825587686151266098e-03
3.252557516098022461e-01
1.810777783393859863e-01
-1.052385345101356506e-01
5.544349178671836853e-02
1.490956842899322510e-01
2.745852768421173096e-01
7.420088350772857666e-02
2.673076987266540527e-01
-3.501768782734870911e-02
-2.896115556359291077e-02
-1.812905259430408478e-02
-9.171345084905624390e-02
-1.402186751365661621e-01
3.230216801166534424e-01
1.481536030769348145e-01
-3.801343590021133423e-02
1.125795021653175354e-02
5.111236125230789185e-02
1.424321904778480530e-02
2.540636062622070312e-01
-2.755149304866790771e-01
5.308296084403991699e-01
2.399799227714538574e-01
-1.289005875587463379e-01
2.749527990818023682e-01
3.049081265926361084e-01
4.764829576015472412e-01
4.027178585529327393e-01
1.030062790960073471e-03
1.494780331850051880e-01
1.986390724778175354e-02
-4.030241817235946655e-02
3.028154969215393066e-01
2.692889235913753510e-02
-1.680877245962619781e-02
-6.518768519163131714e-02
-7.060579955577850342e-02
-9.064315259456634521e-02
3.435486555099487305e-02
3.012743405997753143e-02
2.941021919250488281e-01
1.972801685333251953e-01
-1.003655046224594116e-01
-9.177789837121963501e-02
-2.593647837638854980e-01
2.171266376972198486e-01
-2.045195251703262329e-01
3.813314810395240784e-02
1.154341474175453186e-01
2.368137538433074951e-01
-2.016166448593139648e-01
-5.633537471294403076e-02
6.267738528549671173e-03
1.828457601368427277e-02
-1.306210011243820190e-01
-1.813292503356933594e-02
1.198920011520385742e-01
-3.031565546989440918e-01
2.327577024698257446e-01
3.728127479553222656e-02
2.903414666652679443e-01
