-1.041016280651092529e-01
2.678381204605102539e-01
-1.319362968206405640e-01
2.236657887697219849e-01
-4.000990185886621475e-03
-1.122592166066169739e-01
1.224561110138893127e-01
1.671684235334396362e-01
5.040244199335575104e-03
2.097949832677841187e-01
1.789490878582000732e-01
2.379814386367797852e-01
5.878292024135589600e-02
-1.225070506334304810e-01
2.982828579843044281e-02
5.414509028196334839e-02
-6.626571714878082275e-02
-6.821139901876449585e-02
2.511189877986907959e-01
-1.227443739771842957e-01
7.333240006119012833e-03
-3.273812532424926758e-01
3.663155436515808105e-01
5.624028667807579041e-02
-5.052275583148002625e-02
-8.592759817838668823e-02
-8.887744508683681488e-03
1.662565320730209351e-01
2.016392648220062256e-01
-1.266905963420867920e-01
1.376909613609313965e-01
1.414206624031066895e-01
-1.275200098752975464e-01
3.229174911975860596e-01
-6.387051194906234741e-03
1.796258389949798584e-01
1.572103351354598999e-01
9.619311243295669556e-02
2.648224830627441406e-01
-1.235376521944999695e-01
-1.472357213497161865e-01
-1.173867285251617432e-01
6.241656839847564697e-02
-7.260910421609878540e-02
-1.694854162633419037e-02
6.828672438859939575e-02
-2.312926203012466431e-01
2.274976521730422974e-01
3.279842138290405273e-01
-6.484652310609817505e-02
2.376088500022888184e-02
-4.756309986114501953e-01
2.670538127422332764e-01
-3.854766190052032471e-01
2.355796992778778076e-01
-3.975630272179841995e-03
2.999610826373100281e-02
-1.125578209757804871e-01
2.380784749984741211e-01
-2.107187174260616302e-02
-9.423742443323135376e-02
2.719093859195709229e-01
1.432767957448959351e-01
2.107090950012207031e-01
3.057498335838317871e-01
1.714089512825012207e-01
-1.278184652328491211e-01
5.002111941576004028e-02
-6.063574180006980896e-02
1.980360299348831177e-01
-1.832945495843887329e-01
1.059652566909790039e-01
2.841764390468597412e-01
-7.237683981657028198e-02
-2.937187999486923218e-02
3.280593752861022949e-01
2.646598219871520996e-01
-1.145283877849578857e-01
-5.459543690085411072e-02
-1.224611699581146240e-01
1.838194429874420166e-01
6.801274418830871582e-02
-4.454264342784881592e-01
-9.842160344123840332e-02
3.164764046669006348e-01
3.209877014160156250e-01
4.526004195213317871e-02
3.136481344699859619e-01
-6.411392986774444580e-02
-9.485949575901031494e-02
1.798497289419174194e-01
-7.069179415702819824e-02
7.531101107597351074e-01
-9.828750044107437134e-02
2.319992333650588989e-01
-1.277226060628890991e-01
-1.328270137310028076e-01
-1.959602907299995422e-02
2.437023371458053589e-01
2.616362273693084717e-01
