-1.890528202056884766e-01
-6.341434083878993988e-03
1.168262064456939697e-01
-6.917220354080200195e-02
1.699490398168563843e-01
-6.722658872604370117e-02
5.532919988036155701e-02
1.131237763911485672e-02
8.014077693223953247e-02
1.953679323196411133e-02
-5.770303681492805481e-02
1.773363649845123291e-01
1.447058320045471191e-01
3.273719251155853271e-01
-7.210329920053482056e-02
8.105666190385818481e-02
9.639013558626174927e-02
1.696492135524749756e-01
3.171113133430480957e-02
-6.510924547910690308e-02
1.608596742153167725e-01
1.031247600913047791e-01
5.107473582029342651e-02
-3.226229250431060791e-01
-1.933076418936252594e-02
1.562632173299789429e-01
-2.715444751083850861e-02
2.332696132361888885e-02
5.068778991699218750e-02
4.338590428233146667e-02
1.249834746122360229e-01
1.668925136327743530e-01
2.252905666828155518e-01
1.276550590991973877e-01
1.130438745021820068e-01
3.644008561968803406e-02
-4.927317053079605103e-02
2.784343995153903961e-02
6.469891965389251709e-02
2.095550000667572021e-01
-7.217315584421157837e-02
9.793536365032196045e-02
-7.756434381008148193e-02
2.139457501471042633e-02
1.197310863062739372e-03
1.004701033234596252e-01
-8.446164429187774658e-02
1.766992807388305664e-01
3.153476417064666748e-01
8.010913431644439697e-02
1.154269427061080933e-01
-1.590676605701446533e-01
-2.626433596014976501e-02
-9.324668347835540771e-02
1.790975481271743774e-01
-2.271161414682865143e-02
-4.508096724748611450e-02
1.031031385064125061e-01
3.818912804126739502e-02
-4.023995995521545410e-02
2.841161191463470459e-02
2.664604783058166504e-02
7.309611886739730835e-02
-3.563014790415763855e-02
2.058177441358566284e-01
-1.395767182111740112e-01
2.849196791648864746e-01
8.439911901950836182e-02
-1.034917384386062622e-01
3.225011005997657776e-02
3.434955328702926636e-02
-2.544213831424713135e-01
-5.357929319143295288e-02
1.846837997436523438e-01
3.246422158554196358e-03
1.929509192705154419e-01
7.500326633453369141e-02
1.956861168146133423e-01
3.126814067363739014e-01
-3.779380023479461670e-02
-8.679242432117462158e-02
-9.069902449846267700e-02
1.836063712835311890e-01
-5.575323849916458130e-02
-2.253789156675338745e-01
-5.156060680747032166e-02
7.615488488227128983e-03
-4.431255906820297241e-02
1.375712603330612183e-01
-8.151759393513202667e-03
1.170501783490180969e-01
-4.224902763962745667e-02
-2.664301991462707520e-01
-7.898427546024322510e-02
5.795732885599136353e-02
4.100056365132331848e-02
2.600081264972686768e-01
-5.629098415374755859e-02
2.393728047609329224e-01
1.103908568620681763e-01
