2.729936540126800537e-01
2.003399878740310669e-01
2.159818261861801147e-01
1.838696934282779694e-02
2.519830465316772461e-01
4.769910126924514771e-02
3.411367535591125488e-01
-1.185219809412956238e-01
2.513103783130645752e-01
-7.363870739936828613e-02
-1.422901600599288940e-01
2.233953177928924561e-01
-1.580858528614044189e-01
-1.411888599395751953e-01
2.477277815341949463e-02
-9.900989383459091187e-02
-3.960087895393371582e-01
-1.704811155796051025e-01
-3.753063082695007324e-02
-8.797683753073215485e-03
3.042895197868347168e-01
2.625001072883605957e-01
-1.008190959692001343e-01
-4.690239205956459045e-02
2.695169448852539062e-01
3.007511496543884277e-01
-3.729618713259696960e-02
1.194311007857322693e-01
3.273667395114898682e-01
2.821345627307891846e-01
3.411054015159606934e-01
1.214006021618843079e-01
2.490771710872650146e-01
-1.082976162433624268e-01
2.055393755435943604e-01
-1.009623929858207703e-01
8.505877852439880371e-02
-1.169157102704048157e-01
2.686488628387451172e-01
-7.668627053499221802e-02
-5.959330126643180847e-03
-1.275357156991958618e-01
-2.542686276137828827e-02
-1.647440344095230103e-02
2.302346825599670410e-01
-5.926650017499923706e-02
2.572769224643707275e-01
2.014468610286712646e-01
2.945729196071624756e-01
-1.365771889686584473e-01
8.667842298746109009e-02
2.841274142265319824e-01
-5.539588257670402527e-02
3.266971707344055176e-01
2.788939476013183594e-01
3.395406901836395264e-01
-3.884410560131072998e-01
2.671503834426403046e-02
3.206225037574768066e-01
3.711841702461242676e-01
-2.093282341957092285e-02
3.364890217781066895e-01
-5.983659997582435608e-02
3.185876011848449707e-01
5.392102599143981934e-01
1.826125085353851318e-01
-5.575367435812950134e-02
-3.664765134453773499e-02
1.343616843223571777e-01
2.674744129180908203e-01
2.215950936079025269e-01
2.819210886955261230e-01
1.618392318487167358e-01
1.319077424705028534e-02
9.528285264968872070e-02
-1.119572594761848450e-01
2.109378874301910400e-01
3.381507396697998047e-01
2.858521044254302979e-01
-2.848300337791442871e-02
-6.506223231554031372e-02
2.995541095733642578e-01
-7.390950620174407959e-02
2.988867759704589844e-01
-2.012467011809349060e-02
-3.266979157924652100e-01
9.543711319565773010e-03
3.109291791915893555e-01
1.195403560996055603e-02
2.760113682597875595e-03
3.608909249305725098e-01
7.506972760893404484e-04
4.720161482691764832e-02
3.048027455806732178e-01
3.647911846637725830e-01
-6.253459304571151733e-02
2.684145271778106689e-01
-6.648936867713928223e-02
2.284862548112869263e-01
3.805290162563323975e-01
