8.128071576356887817e-02
2.320283055305480957e-01
2.816959843039512634e-02
-6.286302953958511353e-02
2.626192271709442139e-01
-2.470046132802963257e-01
1.574621647596359253e-01
1.746030151844024658e-02
1.964384019374847412e-01
2.061088383197784424e-01
-1.352556701749563217e-02
-1.617368310689926147e-02
-1.246902793645858765e-01
5.366805568337440491e-02
-4.336768761277198792e-02
2.814328484237194061e-02
1.130529567599296570e-01
2.499015331268310547e-01
2.108340337872505188e-02
-1.576983928680419922e-01
1.212687417864799500e-01
4.379915446043014526e-02
-1.058882474899291992e-01
8.638508617877960205e-03
-1.352109611034393311e-01
-3.193517681211233139e-03
2.135545611381530762e-01
1.159536913037300110e-01
6.497728824615478516e-02
2.449955604970455170e-02
2.256804378703236580e-03
1.643210947513580322e-01
3.956146165728569031e-02
1.234004497528076172e-01
-1.670751273632049561e-01
-2.554068900644779205e-02
1.676408797502517700e-01
2.139235436916351318e-01
1.323113441467285156e-01
1.833837628364562988e-01
-1.289201676845550537e-01
1.179341152310371399e-01
-5.963630601763725281e-02
1.269369665533304214e-02
9.017082047648727894e-04
2.077611386775970459e-01
-4.148665070533752441e-02
5.348010733723640442e-02
-9.582774341106414795e-02
1.125425398349761963e-01
1.621864363551139832e-02
-1.589745469391345978e-02
3.837603377178311348e-03
-7.667116075754165649e-02
-3.336403369903564453e-01
-9.533051401376724243e-02
-1.295439749956130981e-01
1.400451920926570892e-02
1.316245198249816895e-01
1.628528237342834473e-01
-1.734763234853744507e-01
3.028304316103458405e-02
-5.429805070161819458e-02
1.813652515411376953e-01
-4.314780235290527344e-02
8.248280733823776245e-03
-5.780479405075311661e-03
1.865441910922527313e-03
2.745094895362854004e-01
-1.234102994203567505e-01
-1.652712672948837280e-01
1.340033113956451416e-01
1.292057037353515625e-01
2.407441288232803345e-01
7.928307354450225830e-02
2.917959094047546387e-01
-3.720206618309020996e-01
2.647436596453189850e-02
-2.393977046012878418e-01
-6.442432757467031479e-03
1.399913132190704346e-01
-7.391484826803207397e-02
1.063243951648473740e-02
-6.751962006092071533e-02
6.837379187345504761e-02
-1.425457373261451721e-02
-9.654310345649719238e-02
-5.479177087545394897e-02
-1.481823921203613281e-01
6.065060943365097046e-02
5.111794918775558472e-02
3.517180308699607849e-02
1.324620246887207031e-01
1.759979724884033203e-01
1.369432508945465088e-01
1.991146802902221680e-02
-3.606830164790153503e-02
1.006464213132858276e-01
-2.030275948345661163e-02
3.312697634100914001e-02
