2.483435720205307007e-01
6.728841364383697510e-02
4.369346201419830322e-01
1.143792644143104553e-01
6.035857647657394409e-02
-2.545618079602718353e-02
-2.509829401969909668e-02
3.093614988029003143e-02
7.497755438089370728e-02
8.551316708326339722e-02
-4.082783684134483337e-02
-1.179222539067268372e-01
-1.571004837751388550e-02
4.767422750592231750e-02
9.594488888978958130e-02
-8.256119675934314728e-03
-2.353521287441253662e-01
-2.415853589773178101e-01
-1.070024911314249039e-03
-2.385167777538299561e-02
2.357096597552299500e-02
8.692269213497638702e-03
1.302740275859832764e-01
-3.075729608535766602e-01
1.262718811631202698e-02
1.392541527748107910e-01
-5.089828372001647949e-01
-3.531327843666076660e-01
1.316234022378921509e-01
-1.588066481053829193e-02
1.334563940763473511e-01
8.775097876787185669e-02
-1.486596837639808655e-02
5.834769085049629211e-02
-1.295631751418113708e-02
-6.120660305023193359e-01
-1.778426021337509155e-02
-3.863210231065750122e-02
5.956521257758140564e-02
-7.274919748306274414e-02
9.537052363157272339e-02
9.914895892143249512e-02
1.281981617212295532e-01
2.011424221564084291e-04
5.032175779342651367e-02
9.997438639402389526e-02
5.390532314777374268e-02
-1.750349849462509155e-01
-2.074218690395355225e-01
-4.245410859584808350e-02
9.535928070545196533e-02
-1.076236832886934280e-02
-9.555208962410688400e-04
1.691368035972118378e-02
7.399901002645492554e-02
-2.994879484176635742e-01
-1.539470404386520386e-01
-3.475221991539001465e-01
2.560872435569763184e-01
2.952835150063037872e-02
-6.433001253753900528e-03
5.796810239553451538e-02
-1.000862102955579758e-02
5.460531637072563171e-02
3.107045218348503113e-02
-3.649484366178512573e-02
-5.028215050697326660e-01
3.293504472821950912e-03
5.394485965371131897e-02
3.443557024002075195e-02
5.468695238232612610e-02
-2.419724315404891968e-01
6.079370975494384766e-01
-8.018097281455993652e-02
6.010815501213073730e-02
-8.752618450671434402e-04
2.400628663599491119e-02
1.162768807262182236e-02
1.712653934955596924e-01
2.746998332440853119e-02
6.475090980529785156e-02
2.764641493558883667e-02
-1.247889176011085510e-01
9.474077075719833374e-02
8.358262479305267334e-02
-4.867183044552803040e-03
9.330987185239791870e-02
-1.617719084024429321e-01
-3.196786642074584961e-01
1.654680073261260986e-02
-1.056496519595384598e-02
9.013334661722183228e-02
4.892024770379066467e-02
-6.153662502765655518e-02
-7.939446717500686646e-03
-1.159619074314832687e-02
-4.795745480805635452e-03
-2.191563835367560387e-03
6.777191907167434692e-02
8.525626361370086670e-02
