3.230124339461326599e-02
1.345176547765731812e-01
-7.930307835340499878e-02
-5.334572494029998779e-02
-8.599968254566192627e-02
1.468852311372756958e-01
1.192716062068939209e-01
1.620446741580963135e-01
-1.023864597082138062e-01
9.761714376509189606e-03
-5.844169855117797852e-02
3.713633120059967041e-01
2.751990854740142822e-01
-1.155526340007781982e-01
3.198898583650588989e-02
7.262310385704040527e-02
1.085398602299392223e-03
2.475689165294170380e-02
2.900232188403606415e-02
1.245043575763702393e-01
9.319559484720230103e-02
-2.783546969294548035e-02
-1.001834049820899963e-01
1.478804647922515869e-01
-7.738477736711502075e-02
2.706784522160887718e-03
1.307917237281799316e-01
-3.182085603475570679e-02
2.260282337665557861e-01
-3.378905951976776123e-01
-1.068485975265502930e-01
6.751691550016403198e-02
-3.995005507022142410e-03
3.938387706875801086e-02
1.658447384834289551e-01
2.618458569049835205e-01
1.730701923370361328e-01
1.266649086028337479e-02
1.148088201880455017e-01
-8.984564989805221558e-02
-7.586027681827545166e-02
-2.612390816211700439e-01
3.307767584919929504e-02
-2.839598655700683594e-01
-4.414710775017738342e-02
-1.390576362609863281e-01
1.514074951410293579e-01
1.109864115715026855e-01
2.414382435381412506e-02
2.681703492999076843e-02
-3.497632592916488647e-02
1.181607246398925781e-01
7.519258558750152588e-02
-3.481477126479148865e-02
-9.447808563709259033e-02
-1.386745870113372803e-01
1.931755840778350830e-01
2.076682150363922119e-01
-6.924555450677871704e-02
-1.360706835985183716e-01
8.122147619724273682e-02
9.698791801929473877e-02
1.972020566463470459e-01
5.610273033380508423e-02
1.099812760949134827e-01
-2.536927536129951477e-02
-1.378222703933715820e-01
1.954891830682754517e-01
-1.365423202514648438e-01
1.427312046289443970e-01
-6.348332762718200684e-02
4.733493551611900330e-02
1.915528178215026855e-01
-1.250961124897003174e-01
-3.852940723299980164e-02
1.084601134061813354e-01
7.896263897418975830e-02
2.001760900020599365e-01
2.391889393329620361e-01
3.751034662127494812e-02
-6.971084326505661011e-02
-2.582884766161441803e-02
3.000303916633129120e-02
4.118139445781707764e-01
-4.610039293766021729e-03
1.344328522682189941e-01
1.474939007312059402e-02
8.801251649856567383e-02
5.430672317743301392e-02
-1.764798015356063843e-01
-1.023756191134452820e-01
-1.814281344413757324e-01
-4.345104098320007324e-03
1.613387614488601685e-01
-1.197317764163017273e-01
4.419247433543205261e-02
3.026516437530517578e-01
4.048937559127807617e-02
-7.283048331737518311e-02
9.980377554893493652e-02
