5.092248916625976562e-01
9.989070147275924683e-02
5.434492230415344238e-01
-2.291666902601718903e-02
1.193933305330574512e-03
-8.401901461184024811e-03
5.715543031692504883e-02
-2.058757245540618896e-01
-6.499993801116943359e-02
5.644460767507553101e-02
-1.981192976236343384e-01
1.010092794895172119e-01
2.789369970560073853e-02
-2.120922505855560303e-01
-2.968963235616683960e-02
7.146028280258178711e-01
1.068587531335651875e-03
2.156147956848144531e-01
4.700039699673652649e-02
-6.771522015333175659e-02
-4.295047223567962646e-01
-8.480764180421829224e-02
8.181153237819671631e-02
-2.289210110902786255e-01
1.781126707792282104e-01
4.387979805469512939e-01
-2.086376398801803589e-01
-2.684972882270812988e-01
2.090161852538585663e-02
-2.696140706539154053e-01
6.251896731555461884e-03
-4.262526333332061768e-01
2.539688348770141602e-01
-5.000175163149833679e-02
-2.497780919075012207e-01
1.034084782004356384e-01
-3.121481239795684814e-01
-3.682452738285064697e-01
-8.406387642025947571e-03
-4.790427908301353455e-02
1.391059812158346176e-02
-3.119127750396728516e-01
1.096111312508583069e-01
9.814345836639404297e-02
-4.321459829807281494e-01
8.453996479511260986e-02
-5.913694202899932861e-02
-1.401020400226116180e-02
3.442543447017669678e-01
-5.873208642005920410e-01
1.028132960200309753e-01
-2.425586730241775513e-01
8.641552925109863281e-02
1.110277976840734482e-02
9.881882369518280029e-02
-4.983778595924377441e-01
-2.178066670894622803e-01
-3.142301440238952637e-01
1.028871387243270874e-01
-1.975877210497856140e-02
-3.333932757377624512e-01
2.574073672294616699e-01
1.093546226620674133e-01
-4.740334153175354004e-01
-3.002645373344421387e-01
-4.220474958419799805e-01
-2.265112474560737610e-03
3.578476480470271781e-06
1.277517620474100113e-02
-2.083811014890670776e-01
7.870557904243469238e-02
3.285629302263259888e-02
2.577352225780487061e-01
-2.080807685852050781e-01
-2.722747810184955597e-02
1.778838634490966797e-01
5.972774326801300049e-02
1.106628924608230591e-01
1.810658955946564674e-03
3.384377807378768921e-02
-2.030204534530639648e-01
-8.256047219038009644e-02
1.088713407516479492e-01
9.756153821945190430e-02
7.058662176132202148e-02
-3.459232449531555176e-01
-3.960391879081726074e-02
-7.355958223342895508e-01
-5.912948772311210632e-02
-8.182135224342346191e-02
6.812807172536849976e-03
1.403703540563583374e-02
1.420089416205883026e-02
9.740277379751205444e-02
1.019886434078216553e-01
1.197291463613510132e-01
7.851273566484451294e-02
-2.224170416593551636e-01
-2.565450593829154968e-02
-2.277043908834457397e-01
