1.279800981283187866e-01
-1.510978490114212036e-01
-2.419391274452209473e-02
-2.283625900745391846e-01
5.217146500945091248e-02
4.840287938714027405e-02
1.370094716548919678e-01
-3.055189251899719238e-01
1.041796058416366577e-01
6.926094740629196167e-02
-2.889020182192325592e-02
2.131562829017639160e-01
1.375268846750259399e-01
-4.533786699175834656e-02
2.077937573194503784e-01
2.929877042770385742e-01
5.893830582499504089e-02
-4.162769299000501633e-03
-3.117243386805057526e-02
4.737060889601707458e-02
-8.444445580244064331e-02
3.081618845462799072e-01
7.239767909049987793e-02
7.369048893451690674e-02
1.092633008956909180e-01
4.145298898220062256e-02
7.615485042333602905e-02
-1.284310817718505859e-01
-1.746158674359321594e-02
-1.957856714725494385e-01
-5.582756176590919495e-02
1.320761442184448242e-01
2.284803241491317749e-01
-9.119918942451477051e-02
1.622067242860794067e-01
-8.178265392780303955e-02
-2.671297639608383179e-02
1.232073158025741577e-01
-3.202764689922332764e-01
1.826414093375205994e-02
3.035828098654747009e-02
1.689706593751907349e-01
1.448909938335418701e-01
1.697625815868377686e-01
1.939845620654523373e-03
4.690675437450408936e-02
7.275507599115371704e-02
-6.562267988920211792e-02
-9.928094595670700073e-02
-1.060992702841758728e-01
7.848350703716278076e-02
7.898635230958461761e-03
-1.112139821052551270e-01
1.971613615751266479e-01
5.641058459877967834e-02
2.545550465583801270e-01
1.674890071153640747e-01
-3.765876293182373047e-01
1.823245733976364136e-01
6.174621731042861938e-02
9.083356708288192749e-02
5.861245095729827881e-02
-1.959885507822036743e-01
7.968397438526153564e-02
9.222585707902908325e-02
7.179464399814605713e-02
-1.192384287714958191e-01
-1.788957267999649048e-01
-2.426527068018913269e-02
1.072442382574081421e-01
-1.137617155909538269e-01
8.304610848426818848e-02
1.707333028316497803e-01
-4.201044514775276184e-02
6.796167045831680298e-02
7.185725122690200806e-02
1.130357906222343445e-01
-8.020114898681640625e-02
7.174836099147796631e-02
-1.014461647719144821e-02
-1.144485920667648315e-01
1.681876182556152344e-01
1.164417713880538940e-01
-7.991012930870056152e-02
-5.143182724714279175e-02
3.979226946830749512e-02
2.357038855552673340e-01
9.137767553329467773e-02
-1.054497510194778442e-01
2.879124283790588379e-01
3.035489320755004883e-01
8.338318020105361938e-02
3.087013959884643555e-01
5.081471428275108337e-02
6.504685431718826294e-02
1.373378634452819824e-01
2.131237387657165527e-01
1.043164208531379700e-01
-1.877640485763549805e-01
-3.169347345829010010e-02
