7.351816445589065552e-02
1.060625463724136353e-01
-2.302019149065017700e-01
4.578268155455589294e-02
1.734281033277511597e-01
-2.123505622148513794e-01
-1.999884657561779022e-02
8.058593422174453735e-02
-1.703376509249210358e-02
-4.168332368135452271e-02
1.048260331153869629e-01
5.676650628447532654e-02
8.503086864948272705e-02
6.223522424697875977e-01
-1.543439030647277832e-01
1.156353577971458435e-01
7.301928848028182983e-02
-2.167953364551067352e-02
1.088041812181472778e-01
-1.413073949515819550e-02
1.247342154383659363e-01
6.914263218641281128e-02
2.304107137024402618e-02
-3.093510307371616364e-02
-1.314379721879959106e-01
2.847089618444442749e-02
-2.542603015899658203e-02
1.587656140327453613e-02
7.421721518039703369e-02
-4.583643376827239990e-02
-1.616545207798480988e-02
5.606165155768394470e-02
-2.929035387933254242e-02
-2.443320155143737793e-01
-3.448989987373352051e-02
6.648914217948913574e-01
-7.049373537302017212e-02
7.665892131626605988e-03
1.189933419227600098e-01
3.389429301023483276e-02
8.265867829322814941e-02
-6.526826024055480957e-01
1.368638575077056885e-01
7.539313286542892456e-02
1.148440316319465637e-01
-1.764144748449325562e-01
-2.612701058387756348e-01
5.026445165276527405e-02
5.286615714430809021e-02
2.581964060664176941e-02
1.002977639436721802e-01
7.284194231033325195e-03
-2.663097977638244629e-01
2.216770127415657043e-02
-1.288262903690338135e-01
5.564614385366439819e-02
-4.211339950561523438e-01
-1.120248883962631226e-01
-3.710151091217994690e-02
9.060721844434738159e-02
2.559225633740425110e-02
1.024875342845916748e-01
-1.711529344320297241e-01
1.001467183232307434e-01
1.263247895985841751e-02
-3.974022343754768372e-03
-4.563924670219421387e-02
-3.087218701839447021e-01
5.025365352630615234e-01
5.665615200996398926e-01
6.716515123844146729e-02
5.152631085366010666e-03
-2.645426057279109955e-02
-3.209198415279388428e-01
-5.658895969390869141e-01
5.996908247470855713e-02
-5.903968121856451035e-03
-2.396706864237785339e-02
-2.641483582556247711e-02
5.210061743855476379e-02
-1.924643814563751221e-01
-2.591201663017272949e-01
-3.817968070507049561e-01
9.358458966016769409e-02
2.475481666624546051e-02
-1.579497456550598145e-01
9.675586223602294922e-02
-3.413009345531463623e-01
7.823406718671321869e-03
1.217598617076873779e-01
1.302749365568161011e-01
8.021804504096508026e-03
-7.034905254840850830e-02
-2.088508196175098419e-02
-4.537432920187711716e-03
-4.311959818005561829e-02
7.436580955982208252e-02
-3.670500218868255615e-02
2.084250189363956451e-02
3.941525518894195557e-02
