-3.437510877847671509e-02
1.267695520073175430e-02
1.220812276005744934e-02
-2.823834493756294250e-02
1.283432245254516602e-01
1.668083481490612030e-02
5.942269414663314819e-02
1.036014035344123840e-01
-3.016310371458530426e-02
7.411481440067291260e-02
-3.261838853359222412e-02
-3.897432610392570496e-02
-1.606391221284866333e-01
-6.814667582511901855e-02
-2.357174828648567200e-02
-1.068542748689651489e-01
-3.178862109780311584e-02
6.149338185787200928e-02
2.484830794855952263e-03
1.180766522884368896e-01
1.412233859300613403e-01
5.338666588068008423e-02
1.691976003348827362e-02
3.667205944657325745e-02
-1.323483735322952271e-01
7.525349408388137817e-02
1.446302384138107300e-01
1.538954973220825195e-01
6.049896478652954102e-01
1.355754882097244263e-01
2.341802045702934265e-02
3.261479139328002930e-01
5.832146480679512024e-02
-9.780883789062500000e-03
4.666830599308013916e-01
1.021525785326957703e-01
1.311849653720855713e-01
1.528839319944381714e-01
6.540714204311370850e-02
8.899883925914764404e-02
5.858585610985755920e-02
3.061280846595764160e-01
3.843100368976593018e-02
-4.466736689209938049e-02
-4.264691844582557678e-02
1.545772850513458252e-01
1.027828007936477661e-01
-2.067942544817924500e-02
-3.775590658187866211e-01
-1.374358404427766800e-02
5.961835756897926331e-02
-1.004142314195632935e-02
8.801827579736709595e-02
-2.132601439952850342e-01
5.561144948005676270e-01
-2.676217816770076752e-02
1.149253472685813904e-01
-3.308223485946655273e-01
1.054921373724937439e-01
9.230728261172771454e-03
-3.128286823630332947e-02
-2.962126433849334717e-01
-8.878095149993896484e-01
-4.458226859569549561e-01
9.127376228570938110e-02
-2.591728046536445618e-02
-8.035544753074645996e-01
9.194393455982208252e-02
4.497334659099578857e-01
2.079665511846542358e-01
-9.484697133302688599e-03
6.750790029764175415e-02
3.029576689004898071e-02
-5.556789636611938477e-01
4.730629175901412964e-02
1.940530957654118538e-03
4.810753464698791504e-02
-3.058067895472049713e-02
7.451836019754409790e-02
7.204244378954172134e-03
4.141002520918846130e-02
-3.565404191613197327e-02
-4.248278588056564331e-02
-4.722282290458679199e-01
-1.583834993652999401e-03
1.140911728143692017e-01
2.571349777281284332e-02
1.169827058911323547e-01
-4.900499433279037476e-02
5.973795428872108459e-02
8.039526641368865967e-03
1.659480482339859009e-02
-1.292241215705871582e-01
9.918536245822906494e-02
1.159389913082122803e-01
9.917732095345854759e-04
-4.611864686012268066e-01
5.367005988955497742e-02
-8.886715397238731384e-03
3.801200911402702332e-02
