1.269516199827194214e-01
7.002396881580352783e-02
4.581911489367485046e-02
5.404356122016906738e-02
-4.614711552858352661e-02
1.153583303093910217e-01
5.255401879549026489e-02
1.502808630466461182e-01
1.090915687382221222e-02
1.180683746933937073e-01
2.842495739459991455e-01
-5.871436744928359985e-02
1.148538365960121155e-01
1.096257474273443222e-02
3.600773052312433720e-04
1.365213990211486816e-01
5.880928784608840942e-02
2.333788760006427765e-02
5.664776265621185303e-02
-9.074597060680389404e-02
-2.114097028970718384e-02
1.536700874567031860e-01
1.723262071609497070e-01
-1.554638445377349854e-01
-3.258872032165527344e-02
9.008596092462539673e-02
3.173930197954177856e-02
-2.643085271120071411e-02
-1.582279428839683533e-02
1.341863255947828293e-02
5.422993097454309464e-03
-4.839641600847244263e-02
2.574457526206970215e-01
7.685679197311401367e-02
1.727159172296524048e-01
3.138900268822908401e-03
-5.144377052783966064e-02
-1.253045201301574707e-01
-1.470919116400182247e-03
4.614236205816268921e-02
-8.015935868024826050e-02
6.854701042175292969e-02
-4.498712345957756042e-02
3.608160614967346191e-01
-1.034004241228103638e-02
1.238951832056045532e-01
1.732016354799270630e-01
5.251044407486915588e-02
4.478126764297485352e-02
3.388017117977142334e-01
2.005087286233901978e-01
4.273809492588043213e-02
-3.621312603354454041e-02
7.423240691423416138e-02
-1.429193019866943359e-01
3.342416584491729736e-01
3.678638115525245667e-02
-1.051412075757980347e-01
1.041119694709777832e-01
1.913181841373443604e-01
2.181655168533325195e-02
4.923092201352119446e-02
1.068505495786666870e-01
5.631839111447334290e-02
-1.756273023784160614e-02
1.233662366867065430e-01
2.173498123884201050e-01
2.869482040405273438e-01
1.301590204238891602e-01
-5.782531574368476868e-02
3.742554038763046265e-02
-2.271775528788566589e-02
3.349618241190910339e-02
1.302228420972824097e-01
-7.306519150733947754e-02
2.886753976345062256e-01
3.618291392922401428e-02
-2.658067643642425537e-01
-2.779798768460750580e-02
-1.736978888511657715e-01
1.423564702272415161e-01
6.114294007420539856e-02
8.020844310522079468e-02
-2.379224300384521484e-01
1.240664720535278320e-01
1.315202713012695312e-01
2.461721375584602356e-02
6.957453489303588867e-02
6.048265844583511353e-02
1.091135963797569275e-01
3.992717564105987549e-01
-1.057962998747825623e-01
-8.709756657481193542e-03
1.997536234557628632e-02
3.386592566967010498e-01
1.990440487861633301e-01
3.514350354671478271e-01
3.677047044038772583e-02
-6.791061908006668091e-02
-3.186867833137512207e-01
