6.384247541427612305e-02
4.626493901014328003e-02
3.027618862688541412e-02
2.200758457183837891e-02
1.185157708823680878e-02
9.605456143617630005e-02
-2.582513093948364258e-01
-5.647246241569519043e-01
-3.709394857287406921e-02
-4.442846029996871948e-02
1.357832252979278564e-01
-2.410294860601425171e-02
-2.997523918747901917e-02
6.808494031429290771e-02
3.154956176877021790e-02
6.628046743571758270e-03
-4.532120004296302795e-02
-3.947150253225117922e-04
5.424305051565170288e-02
-6.007462367415428162e-02
-6.452496629208326340e-03
-4.328234121203422546e-02
1.427647620439529419e-01
-1.894459873437881470e-01
2.792574930936098099e-03
9.902550280094146729e-02
7.580263912677764893e-02
-1.550672668963670731e-02
-1.699665747582912445e-02
1.476428005844354630e-03
7.930017262697219849e-02
4.430408030748367310e-02
1.655087992548942566e-02
2.252547629177570343e-02
-6.713659763336181641e-01
-1.221736520528793335e-02
-7.229033391922712326e-03
-1.098107732832431793e-02
-9.640174917876720428e-03
1.253283321857452393e-01
-3.520722985267639160e-01
3.066172264516353607e-02
-3.884873539209365845e-02
6.045598983764648438e-01
9.995229542255401611e-03
-3.847519680857658386e-02
9.901326894760131836e-02
-1.690257526934146881e-02
3.745433641597628593e-03
9.744293242692947388e-02
1.296939551830291748e-01
-2.342239767313003540e-02
1.806476269848644733e-03
6.687707733362913132e-03
-1.690309941768646240e-01
7.531646639108657837e-02
1.036799028515815735e-01
2.027350217103958130e-01
-6.100065112113952637e-01
-1.115596368908882141e-01
-2.503504790365695953e-02
-7.832725532352924347e-03
4.772249236702919006e-02
1.065692678093910217e-01
5.136727914214134216e-02
3.188593685626983643e-02
5.649698153138160706e-02
-1.770572923123836517e-02
-2.539173699915409088e-03
9.026981890201568604e-02
8.818817883729934692e-02
-1.342807412147521973e-01
5.230386927723884583e-02
1.145985908806324005e-02
8.432660251855850220e-02
7.420053333044052124e-02
1.119669526815414429e-01
-2.382675744593143463e-02
-6.629943102598190308e-02
-9.962499141693115234e-02
4.474116861820220947e-02
1.096080094575881958e-01
-3.110682591795921326e-02
1.111467331647872925e-01
-4.638400394469499588e-03
-1.280744280666112900e-02
1.021855100989341736e-01
2.378389239311218262e-02
-3.421008959412574768e-02
-2.897686138749122620e-02
-1.029184553772211075e-02
2.482343465089797974e-02
-4.873928800225257874e-02
3.697083797305822372e-03
4.068479686975479126e-02
9.681484848260879517e-02
2.899023145437240601e-02
9.463933110237121582e-02
8.086072653532028198e-02
1.017682906240224838e-02
