-3.692018240690231323e-02
-1.277359724044799805e-01
1.081404015421867371e-01
2.815755009651184082e-01
8.340722322463989258e-02
1.137504279613494873e-01
-5.453243479132652283e-02
1.730776578187942505e-02
2.996104657649993896e-01
-3.683971986174583435e-02
-1.339564751833677292e-02
2.089820951223373413e-01
3.071357905864715576e-01
1.039756387472152710e-01
1.865638345479965210e-01
2.785273790359497070e-01
2.231051027774810791e-01
3.324894011020660400e-01
1.799190938472747803e-01
-3.754533454775810242e-02
1.834917664527893066e-01
1.632414944469928741e-02
-2.581427060067653656e-02
-3.466402590274810791e-01
3.394231200218200684e-02
2.276943065226078033e-02
5.774570629000663757e-02
3.737967088818550110e-02
1.566323637962341309e-01
-6.366887688636779785e-02
-1.151305586099624634e-01
-2.346183359622955322e-02
-1.495577991008758545e-01
-1.371196806430816650e-01
1.202986463904380798e-01
2.213185876607894897e-01
1.224388852715492249e-01
1.217127442359924316e-01
1.191912293434143066e-01
5.300986021757125854e-02
1.123756766319274902e-01
8.882770687341690063e-02
1.933597326278686523e-01
-1.202857196331024170e-01
2.037138910964131355e-03
2.880779206752777100e-01
1.789440065622329712e-01
-8.536774665117263794e-02
-8.482147753238677979e-02
1.502890791743993759e-02
-2.052029129117727280e-03
-7.605962455272674561e-02
7.702601701021194458e-02
-4.689740017056465149e-02
3.016177751123905182e-02
1.418111324310302734e-01
-6.576895713806152344e-02
6.310265511274337769e-02
1.177124604582786560e-01
-2.956642769277095795e-02
-6.120239943265914917e-02
-8.138199150562286377e-02
1.612096130847930908e-01
2.933667004108428955e-01
3.720543906092643738e-02
-2.383878082036972046e-01
2.396626323461532593e-01
8.680436015129089355e-02
1.541613936424255371e-01
4.396845027804374695e-02
-3.813433945178985596e-01
2.840169966220855713e-01
6.393764913082122803e-02
-1.848035678267478943e-02
2.441911771893501282e-02
9.343931823968887329e-02
1.818988919258117676e-01
-3.702609986066818237e-02
2.438683211803436279e-01
9.382978826761245728e-02
3.037926508113741875e-04
-5.999585241079330444e-02
2.212811112403869629e-01
2.779911756515502930e-01
-9.121895581483840942e-02
-1.916447840631008148e-02
6.745151430368423462e-02
1.150499954819679260e-01
2.466704994440078735e-01
3.726650029420852661e-02
3.255340158939361572e-01
1.967255957424640656e-02
2.018624097108840942e-01
9.198855608701705933e-02
2.295273244380950928e-01
9.956992417573928833e-02
9.503150731325149536e-02
-7.015655934810638428e-02
-2.712662704288959503e-02
7.149448990821838379e-02
