6.078609079122543335e-02
1.277931779623031616e-02
2.377426624298095703e-01
-6.204374134540557861e-03
8.592569082975387573e-02
-1.308922469615936279e-01
1.596073247492313385e-02
-1.321043223142623901e-01
2.315107733011245728e-01
5.207658559083938599e-02
9.399204701185226440e-02
1.360764801502227783e-01
8.562982082366943359e-02
1.813865303993225098e-01
7.146851718425750732e-02
1.002622917294502258e-01
-4.954931885004043579e-02
1.470466405153274536e-01
2.516330182552337646e-01
1.776877194643020630e-01
-5.291321128606796265e-02
-9.644691832363605499e-03
8.689609169960021973e-02
2.222252339124679565e-01
2.507982552051544189e-01
-9.234850108623504639e-02
1.162280291318893433e-01
-2.964867837727069855e-02
-1.511884969659149647e-03
-9.761546552181243896e-02
2.244969755411148071e-01
-8.322937041521072388e-02
1.606665402650833130e-01
1.242274045944213867e-01
3.894467279314994812e-02
1.721715033054351807e-01
1.218723505735397339e-01
-2.713714726269245148e-02
-5.881547182798385620e-02
2.237652242183685303e-01
-3.461758792400360107e-02
4.799907803535461426e-01
2.531500905752182007e-02
-2.648342028260231018e-02
-2.171995639801025391e-01
-5.261539667844772339e-02
2.888147346675395966e-02
3.332741260528564453e-01
1.198779046535491943e-01
6.965866684913635254e-02
8.102355152368545532e-02
2.102768607437610626e-02
2.369489818811416626e-01
6.185312569141387939e-02
4.599738866090774536e-02
1.780529469251632690e-01
-1.044482216238975525e-01
1.816604733467102051e-01
2.080820053815841675e-01
6.701406091451644897e-03
-5.490963533520698547e-02
1.762632131576538086e-01
2.073729932308197021e-01
1.108024939894676208e-01
-1.006354093551635742e-01
-1.092322245240211487e-01
7.017676532268524170e-02
9.105155616998672485e-02
1.903499215841293335e-01
-2.552277967333793640e-02
-4.325323551893234253e-02
2.592152953147888184e-01
7.771237287670373917e-03
-8.407169580459594727e-02
-4.746420681476593018e-02
-9.280151873826980591e-02
1.951793134212493896e-01
1.744483597576618195e-02
2.799175977706909180e-01
2.824470996856689453e-01
1.036434099078178406e-01
1.453633457422256470e-01
-2.458373457193374634e-01
7.074152678251266479e-02
2.093862742185592651e-01
3.859870135784149170e-02
8.782013505697250366e-02
1.463819146156311035e-01
3.301443532109260559e-02
2.531690709292888641e-02
-4.887410253286361694e-02
-1.982284784317016602e-01
-6.141513213515281677e-02
-7.372924685478210449e-02
3.776049613952636719e-01
-3.739064931869506836e-02
1.655923128128051758e-01
7.837174087762832642e-02
1.743168234825134277e-01
-1.122281774878501892e-01
