-7.211796939373016357e-02
-2.578354477882385254e-01
7.795742154121398926e-01
3.282230496406555176e-01
7.148231565952301025e-02
-3.232708573341369629e-02
1.594748795032501221e-01
5.431190505623817444e-02
6.850684061646461487e-03
1.315569281578063965e-01
3.977378010749816895e-01
3.436643779277801514e-01
-4.470368474721908569e-02
-9.317507594823837280e-02
3.655737340450286865e-01
-2.164798080921173096e-01
2.685098648071289062e-01
1.209776848554611206e-02
4.010532498359680176e-01
6.014640629291534424e-02
3.006609678268432617e-01
-1.361115723848342896e-01
2.795555591583251953e-01
2.406731843948364258e-01
-9.025503695011138916e-02
8.567823097109794617e-03
-7.176259160041809082e-02
-6.867147237062454224e-02
-2.611095607280731201e-01
3.962623421102762222e-03
9.579732082784175873e-03
-2.898555807769298553e-02
3.289639055728912354e-01
2.245194762945175171e-01
-2.860709466040134430e-02
3.263560831546783447e-01
1.256110966205596924e-01
1.692726761102676392e-01
1.468768715858459473e-01
-1.147754937410354614e-01
2.188263386487960815e-01
1.050906553864479065e-01
1.816509068012237549e-01
8.106680959463119507e-02
1.208014786243438721e-03
-2.896503508090972900e-01
3.105825483798980713e-01
6.039283797144889832e-02
-8.510157465934753418e-02
-8.082287013530731201e-02
-1.122941747307777405e-01
3.587303757667541504e-01
-2.788605093955993652e-01
-1.012775450944900513e-01
2.015805095434188843e-01
2.436684370040893555e-01
-4.961124621331691742e-03
-1.014086306095123291e-01
3.227600455284118652e-02
1.530694663524627686e-01
-7.375618815422058105e-02
3.484836816787719727e-01
4.120523035526275635e-01
5.122015252709388733e-03
-1.842513494193553925e-02
4.454276338219642639e-02
-1.241699382662773132e-01
4.172931015491485596e-01
2.223463207483291626e-01
-1.382219195365905762e-01
3.404897153377532959e-01
3.339395821094512939e-01
3.068869113922119141e-01
-1.325122267007827759e-02
2.862600386142730713e-01
2.548148632049560547e-01
-2.735620737075805664e-02
-2.310254611074924469e-02
2.923748493194580078e-01
2.777361273765563965e-01
2.053014487028121948e-01
5.603416636586189270e-02
3.303528726100921631e-01
-1.005129516124725342e-01
1.299516409635543823e-01
1.015878841280937195e-01
2.610910683870315552e-02
3.371404018253087997e-03
-3.258124366402626038e-02
2.735912101343274117e-03
-1.278585940599441528e-01
3.903107345104217529e-02
5.090398713946342468e-02
2.745355665683746338e-01
-1.512292586266994476e-02
5.742574110627174377e-02
3.294462561607360840e-01
2.113932929933071136e-02
2.037565261125564575e-01
3.336773812770843506e-02
