-1.788434535264968872e-01
-6.702328324317932129e-01
5.205518603324890137e-01
3.384720906615257263e-02
1.868588328361511230e-01
-2.515799133107066154e-03
1.635842621326446533e-01
1.056933123618364334e-02
-2.937632203102111816e-01
2.526866197586059570e-01
1.290139555931091309e-01
9.595255553722381592e-02
-1.774509847164154053e-01
-2.308018505573272705e-03
1.174473688006401062e-01
-4.461874663829803467e-01
9.634461253881454468e-02
-4.615608751773834229e-01
9.122295677661895752e-02
-1.678283885121345520e-02
6.833289563655853271e-02
-2.736640870571136475e-01
6.630469113588333130e-02
6.471510976552963257e-02
-2.950064837932586670e-01
-1.192544121295213699e-03
-2.619084417819976807e-01
-2.438190877437591553e-01
-2.376329749822616577e-01
-4.120746254920959473e-02
-2.226628176867961884e-02
-2.446019463241100311e-02
1.046500131487846375e-01
-2.637539873830974102e-04
-1.685090363025665283e-01
8.633245527744293213e-02
2.220425009727478027e-01
1.164467036724090576e-01
1.218643039464950562e-01
-5.369892343878746033e-02
4.025529325008392334e-02
-2.052748575806617737e-02
8.208160288631916046e-03
1.334072798490524292e-01
-2.751321904361248016e-02
-4.676537513732910156e-01
7.641419768333435059e-03
-7.301923632621765137e-02
-3.426978588104248047e-01
-1.251924782991409302e-03
-2.152846753597259521e-02
8.107951283454895020e-02
-2.773439586162567139e-01
-2.988926470279693604e-01
-2.229354977607727051e-01
8.549129590392112732e-03
-3.130064904689788818e-01
2.999527193605899811e-02
-1.861157454550266266e-02
-1.574376225471496582e-01
-2.624369561672210693e-01
5.753652751445770264e-02
1.193792149424552917e-01
-6.166998296976089478e-03
-1.950380057096481323e-01
-2.786068990826606750e-02
3.335773479193449020e-03
1.116780862212181091e-01
4.972322657704353333e-02
-3.066839277744293213e-02
2.743592113256454468e-02
1.061515212059020996e-01
1.259055640548467636e-02
-2.134535647928714752e-02
7.937535643577575684e-02
3.411854803562164307e-02
-1.622467786073684692e-01
-6.148112192749977112e-02
1.049011349678039551e-01
7.880356907844543457e-02
4.704998806118965149e-02
-6.758105009794235229e-02
6.924831122159957886e-02
-5.552405864000320435e-02
1.802649050951004028e-01
3.465119898319244385e-01
-2.431194856762886047e-02
-6.146770343184471130e-02
-8.367533981800079346e-02
-4.307539761066436768e-02
4.924036860466003418e-01
-1.256817765533924103e-02
-2.514860630035400391e-01
4.701205715537071228e-02
-1.165325343608856201e-01
5.401164758950471878e-03
6.209990754723548889e-02
2.519381046295166016e-01
2.247751504182815552e-01
-1.952860057353973389e-01
