1.066342345438897610e-03
5.674896296113729477e-03
-8.050572872161865234e-02
2.891341410577297211e-02
3.013674616813659668e-01
-3.571219276636838913e-04
-9.317745268344879150e-02
-1.549257989972829819e-02
8.699522167444229126e-02
2.124587446451187134e-01
1.347402632236480713e-01
-1.179406344890594482e-01
2.863719463348388672e-01
2.146857827901840210e-01
1.255704462528228760e-01
6.764411181211471558e-02
-5.491521954536437988e-02
1.487812120467424393e-02
6.187829002737998962e-02
-1.550861261785030365e-02
2.310558408498764038e-01
1.785866469144821167e-01
1.244946643710136414e-01
-2.076892741024494171e-02
-1.185950934886932373e-01
-1.181674078106880188e-01
8.777043223381042480e-02
4.229338094592094421e-02
1.293361335992813110e-01
1.114740595221519470e-01
-5.869700759649276733e-02
1.981743127107620239e-01
7.101573050022125244e-02
5.375681817531585693e-02
-1.028590947389602661e-01
7.564695086330175400e-03
2.142480388283729553e-02
-6.904303282499313354e-02
7.362720090895891190e-03
2.022873014211654663e-01
-1.892720311880111694e-01
3.693063929677009583e-02
-1.139395013451576233e-01
-5.194875970482826233e-02
7.001115381717681885e-02
-2.843202091753482819e-02
1.863729953765869141e-01
-1.555729378014802933e-02
5.585397034883499146e-02
-1.121123414486646652e-02
-2.371014654636383057e-02
9.191915392875671387e-02
1.004124432802200317e-02
-1.585750095546245575e-02
-1.530283391475677490e-01
6.631389260292053223e-02
8.361455798149108887e-02
4.334619641304016113e-01
-3.629830777645111084e-01
4.505048319697380066e-02
1.755486591719090939e-03
-1.099742874503135681e-01
-1.973654888570308685e-02
3.698377311229705811e-02
-8.291809260845184326e-02
-1.121206907555460930e-03
2.256250008940696716e-03
-1.132958754897117615e-01
9.027346968650817871e-03
3.030890598893165588e-02
1.108805015683174133e-01
2.062659151852130890e-02
1.892127096652984619e-01
-3.081958740949630737e-02
1.164055764675140381e-01
7.131880521774291992e-02
-3.048334270715713501e-02
3.891302645206451416e-02
-1.280064322054386139e-02
2.377041280269622803e-01
5.609663203358650208e-02
2.426457591354846954e-02
3.111784346401691437e-02
-1.287758052349090576e-01
-6.253486871719360352e-02
-5.842873081564903259e-02
-1.797992289066314697e-01
-1.403021975420415401e-03
-2.321472167968750000e-01
1.157557368278503418e-01
-1.123641654849052429e-01
4.348033294081687927e-02
6.001990288496017456e-02
-8.601126074790954590e-02
1.428742776624858379e-03
-3.538557887077331543e-02
1.940478980541229248e-01
1.313749467954039574e-03
-4.387956857681274414e-02
-6.112789362668991089e-02
