1.704725436866283417e-02
-7.675384730100631714e-02
1.980846375226974487e-01
-1.270721703767776489e-01
7.879561185836791992e-02
-7.990957796573638916e-02
-7.720925658941268921e-02
-1.283245068043470383e-02
-8.672139793634414673e-02
2.469177097082138062e-01
2.619523406028747559e-01
-1.193443909287452698e-01
1.996448487043380737e-01
2.282730340957641602e-01
2.322655469179153442e-01
1.635919362306594849e-01
1.373591553419828415e-02
-7.414162158966064453e-02
-1.773034781217575073e-01
2.056861817836761475e-01
-8.805385231971740723e-02
-4.438607767224311829e-02
-1.494453847408294678e-01
-2.824378311634063721e-01
2.914313077926635742e-01
-8.182273060083389282e-02
1.900486648082733154e-01
2.236700505018234253e-01
3.430000245571136475e-01
1.921720355749130249e-01
2.182471752166748047e-01
6.109753623604774475e-02
-4.504783079028129578e-02
-1.180967018008232117e-01
-9.660165011882781982e-02
2.520388364791870117e-01
1.875512301921844482e-01
-2.986311912536621094e-01
3.061963319778442383e-01
2.906407415866851807e-01
3.100264966487884521e-01
1.211603134870529175e-01
-1.322910785675048828e-01
3.356294035911560059e-01
-4.649918973445892334e-01
-6.113902851939201355e-02
2.954310365021228790e-02
2.623425126075744629e-01
-3.079895488917827606e-02
2.708708122372627258e-02
-1.549905687570571899e-01
-1.097148656845092773e-01
2.556402683258056641e-01
1.029874086380004883e-01
-1.145676970481872559e-01
-2.138808816671371460e-01
-4.040354862809181213e-02
6.824328005313873291e-02
2.949380278587341309e-01
2.632785402238368988e-02
1.609986871480941772e-01
2.183757722377777100e-01
2.849772274494171143e-01
7.298130076378583908e-03
2.550314366817474365e-01
5.898801609873771667e-02
2.164208143949508667e-01
-9.334365278482437134e-02
3.172704577445983887e-01
2.233390808105468750e-01
-1.022484451532363892e-01
1.366447508335113525e-01
4.189212992787361145e-02
-1.115178167819976807e-01
-1.299255043268203735e-01
1.046374142169952393e-01
9.536021202802658081e-02
1.713280379772186279e-01
-1.672597602009773254e-02
2.336096167564392090e-01
7.727160304784774780e-02
-9.978607296943664551e-02
-8.805720508098602295e-02
-1.689190566539764404e-01
-4.970154911279678345e-02
-1.417494262568652630e-03
2.421609014272689819e-01
-1.641216278076171875e-01
-9.293127804994583130e-02
-9.509851038455963135e-02
2.574481368064880371e-01
2.557566761970520020e-01
-1.448383778333663940e-01
8.521335124969482422e-01
-1.252148002386093140e-01
-1.046935170888900757e-01
-1.036151722073554993e-01
9.829214774072170258e-03
2.645631134510040283e-01
7.990483194589614868e-02
