2.731909453868865967e-01
-1.073518320918083191e-01
4.685484617948532104e-02
2.359538972377777100e-01
1.661400049924850464e-01
3.162993788719177246e-01
2.954302132129669189e-01
-1.087320521473884583e-01
-1.668505519628524780e-01
-1.186073943972587585e-01
2.198181152343750000e-01
-1.754915416240692139e-01
1.284004449844360352e-01
2.378182709217071533e-01
3.400826156139373779e-01
2.663994729518890381e-01
1.487944275140762329e-01
-3.800103962421417236e-01
2.305667996406555176e-01
3.137269616127014160e-01
2.428810447454452515e-01
-4.245226830244064331e-02
3.089756965637207031e-01
-2.464765124022960663e-02
1.213798299431800842e-02
1.229532137513160706e-01
-4.379511252045631409e-02
2.247845977544784546e-01
1.804924905300140381e-01
3.274838626384735107e-01
3.548740446567535400e-01
3.005886077880859375e-01
1.277035623788833618e-01
5.675059184432029724e-02
3.172070384025573730e-01
2.896754443645477295e-01
-1.982692480087280273e-01
-4.929041489958763123e-02
-4.857502505183219910e-02
2.048099488019943237e-01
2.448339164257049561e-01
2.697893679141998291e-01
-7.079500705003738403e-02
-1.724848449230194092e-01
6.320219486951828003e-02
2.955003678798675537e-01
5.918590351939201355e-02
-1.148751378059387207e-01
-9.988371282815933228e-02
-2.687057256698608398e-01
-1.653795130550861359e-02
8.476056158542633057e-03
-9.074109792709350586e-02
-1.470497250556945801e-01
-1.340854167938232422e-01
1.773193478584289551e-01
-7.799086719751358032e-02
3.415249586105346680e-01
2.160040438175201416e-01
-9.792561084032058716e-02
-6.776107847690582275e-02
2.759842872619628906e-01
3.063646852970123291e-01
-1.348900329321622849e-02
2.584556639194488525e-01
-9.522762149572372437e-02
-4.043247550725936890e-02
3.155392110347747803e-01
3.730749338865280151e-02
-3.256370872259140015e-02
-2.035980224609375000e-01
2.926890850067138672e-01
3.957066312432289124e-02
3.030309081077575684e-01
2.254166603088378906e-01
2.613995373249053955e-01
-1.858521252870559692e-01
2.207183986902236938e-01
5.670509934425354004e-01
1.922318935394287109e-01
2.719016075134277344e-01
2.717975378036499023e-01
3.487630048766732216e-03
2.559881508350372314e-01
-6.443502008914947510e-02
2.621472179889678955e-01
1.863903999328613281e-01
-3.057746961712837219e-02
2.210986614227294922e-01
-2.948541343212127686e-01
-1.118305921554565430e-01
1.666498631238937378e-01
8.278465270996093750e-02
-1.462994217872619629e-01
1.848314404487609863e-01
2.406468428671360016e-02
5.543974041938781738e-01
-1.937325298786163330e-02
-4.737531766295433044e-02
6.550169736146926880e-02
