1.002196818590164185e-01
1.553224865347146988e-02
-1.174967736005783081e-02
7.418821752071380615e-02
2.758048940449953079e-03
1.304357796907424927e-01
4.049227014183998108e-02
4.963445942848920822e-03
-5.988239645957946777e-01
1.432883553206920624e-02
1.048012003302574158e-01
-4.785491824150085449e-01
-6.795011162757873535e-01
2.966835722327232361e-02
5.588152632117271423e-02
1.243394427001476288e-02
9.545569866895675659e-02
-6.220784783363342285e-01
1.081706583499908447e-01
5.947003513574600220e-02
4.357351735234260559e-02
-3.503717482089996338e-02
1.486701369285583496e-01
-2.345044463872909546e-01
1.968840137124061584e-02
-5.239564776420593262e-01
-7.179087493568658829e-03
5.102968215942382812e-02
1.076855510473251343e-01
6.855426728725433350e-02
7.181955873966217041e-02
7.379069179296493530e-02
2.407940179109573364e-01
-4.793811738491058350e-01
3.940481692552566528e-02
8.225262910127639771e-02
-3.003312349319458008e-01
-1.209275841712951660e+00
2.450170740485191345e-02
-1.143122240900993347e-01
8.568690717220306396e-02
4.205091297626495361e-02
3.582668956369161606e-03
-2.735784649848937988e-01
1.409958349540829659e-03
4.053501412272453308e-02
-5.937902331352233887e-01
-7.404963672161102295e-02
2.027605660259723663e-02
4.589063227176666260e-01
3.417489230632781982e-01
-1.739593148231506348e-01
-9.601108729839324951e-03
-3.351515829563140869e-01
-7.428928017616271973e-01
5.412282422184944153e-02
-2.963820993900299072e-01
1.226205155253410339e-01
7.692231237888336182e-02
1.183667685836553574e-02
-4.203074797987937927e-02
5.473389476537704468e-02
6.282164901494979858e-02
-1.072082109749317169e-02
9.220084547996520996e-02
-8.230706304311752319e-02
-2.618737705051898956e-02
7.082569599151611328e-02
2.974187768995761871e-02
-4.761316254734992981e-02
5.518283843994140625e-01
1.063967347145080566e-01
1.766028106212615967e-01
6.612345576286315918e-02
1.072373092174530029e-01
3.357006609439849854e-02
-3.390652835369110107e-01
7.553670555353164673e-02
6.958922147750854492e-01
3.090547956526279449e-02
4.417040199041366577e-02
1.018669456243515015e-01
6.375108845531940460e-03
1.821909286081790924e-02
-5.019750595092773438e-01
8.316095173358917236e-02
-7.282437384128570557e-02
-1.016607414931058884e-02
8.648486435413360596e-02
1.618339896202087402e+00
-2.359147183597087860e-02
7.820988073945045471e-03
-1.664037234149873257e-03
-2.538537047803401947e-02
1.365496218204498291e-01
1.770847826264798641e-03
6.063251495361328125e-01
2.758302725851535797e-02
-1.095668971538543701e-02
-2.589425742626190186e-01
