2.124116867780685425e-01
6.377814710140228271e-02
1.551859974861145020e-01
1.047120690345764160e-01
3.222379088401794434e-02
1.773777455091476440e-01
-1.293241605162620544e-02
1.670211106538772583e-01
3.784488886594772339e-02
2.565747797489166260e-01
-1.250185370445251465e-01
2.537780404090881348e-01
2.848100960254669189e-01
1.542208194732666016e-01
1.447258889675140381e-01
-1.387466304004192352e-02
-1.129507552832365036e-02
2.581270039081573486e-01
2.910229563713073730e-01
7.939414121210575104e-03
-1.299848854541778564e-01
2.867095470428466797e-01
-9.081766754388809204e-02
1.477446109056472778e-01
1.176494136452674866e-01
-2.132268249988555908e-01
1.416869014501571655e-01
1.007447168231010437e-01
1.002270951867103577e-01
1.841735541820526123e-01
-1.289889812469482422e-01
1.713492274284362793e-01
7.116834074258804321e-02
1.543276309967041016e-01
-4.335036873817443848e-02
7.813949882984161377e-02
-9.110147133469581604e-03
-5.617929995059967041e-02
1.926759630441665649e-01
-1.974618621170520782e-02
2.607783973217010498e-01
-1.881629228591918945e-02
-2.525338716804981232e-02
3.089909255504608154e-01
6.592397391796112061e-02
-8.885350078344345093e-02
1.095562875270843506e-01
1.350920051336288452e-01
-5.306292697787284851e-02
1.635001748800277710e-01
-2.204261533915996552e-02
1.997057721018791199e-02
1.998510062694549561e-01
1.284211277961730957e-01
2.918053567409515381e-01
1.243985909968614578e-02
1.407991647720336914e-01
2.626874484121799469e-03
1.035583764314651489e-01
1.220518574118614197e-01
1.814000159502029419e-01
5.676971375942230225e-02
-1.988906040787696838e-02
1.745606027543544769e-02
1.368698328733444214e-01
2.785854786634445190e-02
-9.061782620847225189e-03
3.421632573008537292e-02
9.871689230203628540e-02
6.026509031653404236e-02
2.739688381552696228e-02
2.437117546796798706e-01
2.540787495672702789e-02
5.936846882104873657e-02
2.097717970609664917e-01
1.444870978593826294e-01
1.124225929379463196e-01
2.004342228174209595e-01
1.562169939279556274e-01
-6.773901637643575668e-03
2.265757024288177490e-01
8.361051976680755615e-02
1.446044743061065674e-01
2.279675602912902832e-01
2.597256898880004883e-01
1.512231826782226562e-01
2.178090959787368774e-01
2.780963182449340820e-01
4.458192735910415649e-02
2.415798753499984741e-01
2.582851350307464600e-01
1.100764125585556030e-01
1.276087015867233276e-01
1.025222316384315491e-01
3.577955067157745361e-02
3.012774512171745300e-02
2.791025936603546143e-01
5.337756499648094177e-02
2.232937663793563843e-01
2.975073754787445068e-01
