4.930044710636138916e-02
8.233387023210525513e-03
1.700505912303924561e-01
7.417346537113189697e-02
2.910827994346618652e-01
-1.186778321862220764e-01
-9.082231670618057251e-02
-8.694435656070709229e-02
7.557686418294906616e-02
1.902492716908454895e-02
-1.452509909868240356e-01
3.111169636249542236e-01
2.402116656303405762e-01
2.304114699363708496e-01
3.416894972324371338e-01
-3.532660901546478271e-01
3.215700387954711914e-01
-1.186505779623985291e-01
2.530723996460437775e-02
4.580318182706832886e-02
4.994988068938255310e-02
-9.611813724040985107e-02
2.131748646497726440e-01
-7.847172766923904419e-02
2.647161483764648438e-01
2.693336606025695801e-01
2.800796926021575928e-01
2.411779388785362244e-02
-6.544745713472366333e-02
6.497534923255443573e-04
-1.126475334167480469e-01
5.538951978087425232e-02
1.447279900312423706e-01
3.341243565082550049e-01
-8.159718662500381470e-02
-5.233915150165557861e-02
-9.191975928843021393e-03
5.760266259312629700e-02
2.964076399803161621e-01
2.773663997650146484e-01
-1.194567829370498657e-01
3.688179254531860352e-01
5.924326553940773010e-02
2.583729326725006104e-01
2.632202506065368652e-01
-1.318227201700210571e-01
-2.667431831359863281e-01
4.559242352843284607e-02
2.649413049221038818e-01
-6.705130636692047119e-02
1.390343159437179565e-01
2.004776597023010254e-01
2.964333593845367432e-01
2.704637646675109863e-01
1.768644303083419800e-01
1.099720411002635956e-02
1.435750126838684082e-01
2.631281316280364990e-01
-5.661715753376483917e-03
3.844944536685943604e-01
2.000322639942169189e-01
-1.641406305134296417e-02
6.510713696479797363e-02
2.539009749889373779e-01
3.620077967643737793e-01
3.189230859279632568e-01
3.153545036911964417e-02
3.090571463108062744e-01
-8.844771236181259155e-02
4.667989164590835571e-02
2.945451140403747559e-01
-1.253235787153244019e-01
-8.824966847896575928e-03
2.798877656459808350e-01
3.408788740634918213e-01
6.457755714654922485e-02
-7.248854637145996094e-02
-4.495826363563537598e-02
-7.681956142187118530e-02
2.428185641765594482e-01
5.625782907009124756e-02
-9.405147284269332886e-02
-1.185533925890922546e-01
-2.406549006700515747e-01
3.731383755803108215e-02
2.363951206207275391e-01
3.271920084953308105e-01
3.517743945121765137e-01
-1.273481994867324829e-01
-2.363721840083599091e-02
-7.553099095821380615e-02
-1.109778806567192078e-01
2.519126236438751221e-01
3.446712158620357513e-03
2.781451046466827393e-01
-8.714853972196578979e-02
-4.024596512317657471e-02
1.793268173933029175e-01
2.482582628726959229e-01
3.036479353904724121e-01
