3.666366338729858398e-01
-2.468790858983993530e-02
2.386158891022205353e-02
2.440380156040191650e-01
-4.861158877611160278e-02
7.932031899690628052e-02
6.571264937520027161e-03
7.228463888168334961e-03
6.956646591424942017e-02
1.227241307497024536e-01
-1.145720705389976501e-01
1.726808995008468628e-01
9.632176905870437622e-02
2.501752972602844238e-01
1.179816797375679016e-01
1.595855206251144409e-01
-1.799413934350013733e-02
8.923145383596420288e-02
2.852030694484710693e-01
1.844799146056175232e-02
1.039663329720497131e-01
1.556968837976455688e-01
3.171877861022949219e-01
2.011799365282058716e-01
1.211241930723190308e-01
1.002210527658462524e-01
3.595818579196929932e-02
1.039487123489379883e-01
2.049229294061660767e-01
6.684783101081848145e-02
1.043135747313499451e-01
1.746233105659484863e-01
2.498740702867507935e-01
1.376445591449737549e-01
1.664939671754837036e-01
2.577232420444488525e-01
3.141421452164649963e-02
-5.025498196482658386e-02
9.259674698114395142e-02
1.988764703273773193e-01
4.865514580160379410e-03
-1.601970642805099487e-01
1.348796188831329346e-01
1.816674023866653442e-01
1.812381744384765625e-01
1.715767085552215576e-01
3.220507502555847168e-02
-1.380676869302988052e-02
-1.861173659563064575e-02
-1.547243911772966385e-02
2.748202532529830933e-02
-3.871321678161621094e-03
1.779605597257614136e-01
1.787073463201522827e-01
2.570275962352752686e-01
2.503472566604614258e-01
5.683058127760887146e-02
2.969644367694854736e-01
1.109779626131057739e-01
1.483884900808334351e-01
3.075926378369331360e-02
4.260754212737083435e-02
9.860775619745254517e-02
-2.098862081766128540e-02
8.844537287950515747e-02
2.803449705243110657e-02
4.755997657775878906e-02
1.054847389459609985e-01
-1.010704115033149719e-01
-9.870480746030807495e-03
3.905386850237846375e-02
2.828267216682434082e-01
1.375361438840627670e-02
3.083059489727020264e-01
1.051479950547218323e-01
1.584559679031372070e-02
2.148206382989883423e-01
-5.852403864264488220e-02
2.561096251010894775e-01
-4.739234223961830139e-02
-5.020828917622566223e-03
4.493979364633560181e-02
5.562751740217208862e-02
2.802136838436126709e-01
-4.167988523840904236e-02
3.012332022190093994e-01
5.587371438741683960e-02
5.715773254632949829e-02
1.117961928248405457e-01
6.517990678548812866e-02
1.179755777120590210e-01
3.169449865818023682e-01
9.795939922332763672e-02
2.657767832279205322e-01
1.400338709354400635e-01
-2.177882492542266846e-01
1.497658342123031616e-01
2.407976835966110229e-01
1.061661615967750549e-01
3.222591280937194824e-01
