1.753818476572632790e-03
1.028575822710990906e-01
1.100268885493278503e-01
4.262304008007049561e-01
-5.310429334640502930e-01
5.551546439528465271e-02
1.380772441625595093e-01
4.887120798230171204e-02
4.941901937127113342e-02
-3.236703202128410339e-02
-2.491352381184697151e-03
-1.411840021610260010e-01
-1.771516166627407074e-02
-1.765478588640689850e-02
7.794342190027236938e-02
4.618874192237854004e-02
-3.735286891460418701e-01
5.698868539184331894e-03
5.913761258125305176e-02
1.125008612871170044e-01
-3.871462121605873108e-02
-2.551362290978431702e-02
-3.282369300723075867e-02
-1.973667368292808533e-02
-1.964525133371353149e-02
-3.011314012110233307e-02
-4.568855743855237961e-03
7.825692743062973022e-02
-2.647624537348747253e-02
-8.050335943698883057e-02
1.258821785449981689e-01
-4.062241688370704651e-02
9.166892617940902710e-02
-3.385131061077117920e-02
9.075506031513214111e-02
2.246329188346862793e-01
9.592810273170471191e-02
2.205806225538253784e-02
2.940769679844379425e-02
7.828850299119949341e-03
1.328102499246597290e-01
8.942195028066635132e-02
-8.592349290847778320e-02
5.248340591788291931e-02
-2.746014483273029327e-02
-7.544871419668197632e-02
6.012202426791191101e-02
-6.241640448570251465e-02
7.720591127872467041e-02
7.423634082078933716e-02
1.094350405037403107e-02
-8.823388256132602692e-03
1.084201931953430176e-01
-3.733883053064346313e-02
-2.044340595602989197e-02
2.633855305612087250e-02
6.501688063144683838e-02
1.087451204657554626e-01
-8.118482306599617004e-03
5.457061529159545898e-02
9.435126185417175293e-02
8.277337253093719482e-02
7.901978492736816406e-02
-5.419838055968284607e-02
7.635852694511413574e-02
2.508062869310379028e-02
-4.185156226158142090e-01
8.688726276159286499e-02
9.497488290071487427e-02
1.099027320742607117e-01
-3.744939714670181274e-02
-6.554347276687622070e-02
7.043566554784774780e-02
-3.058766424655914307e-01
-1.191135495901107788e-03
-5.504091456532478333e-02
-1.546135288663208485e-03
-5.517468228936195374e-02
5.967776849865913391e-02
-3.920912742614746094e-02
-8.506271988153457642e-02
1.218282580375671387e-01
8.509504259563982487e-04
2.716846205294132233e-02
-5.687660351395606995e-02
8.848968148231506348e-02
-4.295489937067031860e-02
-5.974001251161098480e-03
-6.840643286705017090e-02
-2.919176407158374786e-02
-8.407986909151077271e-02
-4.311900213360786438e-02
-4.489273950457572937e-02
1.504976116120815277e-02
-5.692060291767120361e-02
-4.972144495695829391e-03
1.218406781554222107e-01
-1.137949805706739426e-02
1.220144256949424744e-01
2.444854192435741425e-02
