4.599992558360099792e-02
-1.550098508596420288e-02
1.664210110902786255e-01
-5.983446165919303894e-02
8.532878011465072632e-02
8.523129671812057495e-02
-1.730942130088806152e-01
1.262059658765792847e-01
2.414332330226898193e-02
-8.026248216629028320e-02
-1.202687919139862061e-01
-8.221292495727539062e-02
2.075469195842742920e-01
6.885674595832824707e-02
5.467157438397407532e-02
1.144360899925231934e-01
-1.452876627445220947e-01
7.749968767166137695e-02
-1.508205533027648926e-01
-8.964737504720687866e-02
-2.214401364326477051e-01
-7.150532305240631104e-02
1.359266489744186401e-01
-8.727708458900451660e-02
-8.805411867797374725e-03
1.873355060815811157e-01
1.595166698098182678e-02
1.270999014377593994e-01
-6.982818990945816040e-02
1.266026198863983154e-01
2.540520131587982178e-01
2.865485250949859619e-01
-2.777352184057235718e-02
-1.917254030704498291e-01
-3.648078441619873047e-02
-1.914330385625362396e-02
-2.433743774890899658e-01
1.860248274169862270e-03
2.181498110294342041e-01
1.346178445965051651e-02
-8.266580104827880859e-02
-6.241188570857048035e-02
1.720771640539169312e-01
7.516765594482421875e-02
-1.228288188576698303e-01
-6.581220030784606934e-02
-6.694171577692031860e-02
-1.079689525067806244e-02
-1.474165767431259155e-01
2.397167682647705078e-01
2.446692064404487610e-02
9.010266512632369995e-02
-3.304918855428695679e-02
4.562889412045478821e-02
-7.875207811594009399e-02
6.026005372405052185e-02
1.612755283713340759e-02
4.351093247532844543e-02
-2.350844144821166992e-01
-1.624956168234348297e-02
1.656306833028793335e-01
3.826249390840530396e-02
-2.618918940424919128e-02
5.915891006588935852e-02
-2.622823119163513184e-01
1.843666732311248779e-01
1.260362565517425537e-01
1.066763475537300110e-01
-2.021721331402659416e-03
1.624581068754196167e-01
-1.286304891109466553e-01
2.157490253448486328e-01
2.107525244355201721e-02
2.499365620315074921e-02
-4.096106067299842834e-02
-1.702278405427932739e-01
8.865337818861007690e-02
-3.377978801727294922e-01
1.232751533389091492e-01
2.132785022258758545e-01
-2.437485754489898682e-01
2.619737386703491211e-01
1.301762163639068604e-01
3.055293485522270203e-02
-4.910659044981002808e-02
-1.600818336009979248e-02
-2.037991136312484741e-01
1.248774975538253784e-01
-2.530225738883018494e-02
1.451918780803680420e-01
5.385053157806396484e-02
8.758915215730667114e-02
-1.377631723880767822e-01
6.138608232140541077e-02
2.078400254249572754e-01
6.605171412229537964e-02
-9.399776160717010498e-02
1.412235945463180542e-01
-1.422799006104469299e-02
-5.244212225079536438e-02
