2.290928959846496582e-01
3.031753599643707275e-01
-6.027167290449142456e-02
-4.011717438697814941e-02
2.955527603626251221e-01
1.185691580176353455e-01
1.419229954481124878e-01
2.556660957634449005e-02
-1.762387715280056000e-02
2.864893376827239990e-01
1.699942648410797119e-01
-1.066718921065330505e-01
1.419848948717117310e-01
1.991524845361709595e-01
8.867880702018737793e-02
-1.014821231365203857e-01
-1.922863419167697430e-03
-2.168099023401737213e-02
-3.491589426994323730e-01
4.572651162743568420e-02
-1.294247806072235107e-01
2.442125976085662842e-01
2.350684702396392822e-01
-3.239500820636749268e-01
-3.289761254563927650e-03
1.682860404253005981e-01
5.192986875772476196e-02
2.444437146186828613e-01
7.141883950680494308e-03
-6.497292220592498779e-02
2.999642789363861084e-01
2.340485006570816040e-01
2.175044864416122437e-01
2.115596681833267212e-01
-1.506036520004272461e-01
2.251151502132415771e-01
2.303540706634521484e-01
-3.006524173542857170e-03
-1.303073018789291382e-01
-1.314775794744491577e-01
-1.189151704311370850e-01
-1.707350090146064758e-02
-6.170307472348213196e-02
-1.253152042627334595e-01
2.552701532840728760e-01
3.232406079769134521e-01
-2.890380918979644775e-01
-3.009712882339954376e-02
6.449426058679819107e-03
-2.186616659164428711e-01
3.034991025924682617e-01
-2.584878914058208466e-02
2.535083889961242676e-01
-9.786278754472732544e-02
2.141460031270980835e-01
2.892456250265240669e-03
1.679915189743041992e-01
-1.724026799201965332e-01
-1.556515544652938843e-01
2.427840977907180786e-01
-1.024247705936431885e-01
2.365775704383850098e-01
2.629093527793884277e-01
5.522733926773071289e-02
1.468087583780288696e-01
1.639666594564914703e-02
2.752348780632019043e-01
1.643417328596115112e-01
2.079600393772125244e-01
3.513056635856628418e-01
1.932983403094112873e-03
-2.372315339744091034e-02
-1.788588017225265503e-01
2.540032379329204559e-02
2.769808471202850342e-01
-8.556006103754043579e-02
2.360076010227203369e-01
2.787174284458160400e-01
-2.244568057358264923e-02
-2.512826621532440186e-01
-1.907036602497100830e-01
-9.226272255182266235e-02
2.442284077405929565e-01
5.228245258331298828e-01
9.083188325166702271e-02
7.185201346874237061e-02
-3.647937476634979248e-01
1.349729895591735840e-01
-8.567986637353897095e-02
-1.175156384706497192e-01
-7.277916371822357178e-02
1.131687238812446594e-01
7.690683007240295410e-03
2.970133125782012939e-01
-3.314138948917388916e-02
4.281607270240783691e-02
-3.756547272205352783e-01
-6.251468509435653687e-02
1.578556597232818604e-01
2.732897698879241943e-01
