6.083940342068672180e-02
4.248654469847679138e-02
-2.664771117269992828e-02
1.242362614721059799e-02
4.738499969244003296e-02
2.456857077777385712e-02
1.016981452703475952e-01
-5.114078149199485779e-02
-5.720721930265426636e-02
6.576754152774810791e-02
3.508507041260600090e-03
-8.323159068822860718e-03
3.797074779868125916e-02
1.002030819654464722e-01
-2.968896627426147461e-01
-1.268161833286285400e-02
-2.179530449211597443e-02
-2.256718836724758148e-02
-5.146833658218383789e-01
5.921187810599803925e-03
-4.886936862021684647e-03
8.836299180984497070e-02
1.125823780894279480e-01
-2.984719872474670410e-01
-2.574632503092288971e-02
8.683647960424423218e-02
1.629503630101680756e-02
3.742789104580879211e-02
-8.352934569120407104e-02
-4.198668003082275391e-01
8.815021812915802002e-02
4.533453658223152161e-02
4.732222761958837509e-03
9.972138702869415283e-02
-1.756515204906463623e-01
7.906606048345565796e-02
9.112327545881271362e-02
3.852815832942724228e-03
-4.504808783531188965e-02
2.973101288080215454e-02
-2.616813182830810547e-01
1.475258022546768188e-01
-6.210224702954292297e-02
3.714189231395721436e-01
9.326879680156707764e-02
7.336334139108657837e-02
-2.219485789537429810e-01
-8.666318841278553009e-03
-1.640087924897670746e-02
7.645710110664367676e-01
1.199195533990859985e-01
1.295045763254165649e-01
1.019276455044746399e-01
-2.232037298381328583e-02
1.977125369012355804e-02
-2.694158256053924561e-02
8.280451409518718719e-03
-1.105975545942783356e-02
-4.869462847709655762e-01
1.123593449592590332e-01
-6.334127485752105713e-02
1.149322539567947388e-01
7.140245288610458374e-02
-1.127502098679542542e-01
1.067641749978065491e-02
8.830540464259684086e-04
8.971159160137176514e-02
2.879658341407775879e-02
9.877558052539825439e-02
1.979860365390777588e-01
-5.687901005148887634e-02
-2.908869087696075439e-01
1.034246683120727539e+00
-2.102736011147499084e-02
2.235749177634716034e-02
-2.410974167287349701e-02
3.069434687495231628e-02
1.200196444988250732e-01
6.156243034638464451e-04
-2.572235167026519775e-01
-4.676888585090637207e-01
-3.932593390345573425e-02
1.096681654453277588e-01
6.209062933921813965e-01
1.347112655639648438e-01
-2.896820902824401855e-01
-3.221307694911956787e-01
7.362029701471328735e-02
-2.878204360604286194e-02
-4.136122465133666992e-01
2.018717825412750244e-01
2.826213091611862183e-02
-1.823823840823024511e-04
1.162996515631675720e-01
8.752294629812240601e-02
1.417476683855056763e-02
-3.623481094837188721e-01
-4.182544052600860596e-01
-2.991837859153747559e-01
8.797742426395416260e-02
