5.420117452740669250e-02
4.111390560865402222e-02
1.081777438521385193e-01
1.899276822805404663e-01
1.482545286417007446e-01
-8.976467698812484741e-02
-1.976975500583648682e-01
1.614793688058853149e-01
1.584080457687377930e-01
2.956685721874237061e-01
-2.467529028654098511e-01
2.548578660935163498e-03
1.192448362708091736e-01
-6.262488663196563721e-02
1.302708089351654053e-01
7.538405805826187134e-02
-1.454905420541763306e-01
-1.279230564832687378e-01
-5.006568431854248047e-01
1.861984468996524811e-02
-9.964805794879794121e-04
2.501573264598846436e-01
-8.166447281837463379e-02
-1.177591383457183838e-01
1.018716618418693542e-01
3.842039033770561218e-02
-3.197417035698890686e-02
9.268201887607574463e-02
9.741546213626861572e-02
-8.947260677814483643e-02
5.485634505748748779e-02
-3.730984628200531006e-01
1.512404829263687134e-01
-5.619588494300842285e-02
9.757024794816970825e-02
2.206475287675857544e-01
-3.278860123828053474e-03
-1.412828546017408371e-02
-8.201618492603302002e-02
2.737781405448913574e-01
-7.695163041353225708e-02
-4.372555017471313477e-02
1.144738867878913879e-01
-3.026023507118225098e-02
-1.855858862400054932e-01
1.233738884329795837e-01
-1.116341445595026016e-02
-7.939605414867401123e-02
-4.241776764392852783e-01
-4.797938093543052673e-02
-7.620482146739959717e-02
3.572183474898338318e-02
-1.096476539969444275e-01
9.965592622756958008e-02
-6.353031098842620850e-02
4.192132502794265747e-02
-3.485716879367828369e-02
-1.357977390289306641e-01
-2.043736129999160767e-01
-1.144201159477233887e-01
-1.738015003502368927e-02
-1.819850802421569824e-01
3.541255369782447815e-02
-3.257156908512115479e-02
-4.222286865115165710e-02
8.387199044227600098e-02
7.592350244522094727e-02
7.905498892068862915e-02
-7.988813519477844238e-02
1.047982424497604370e-01
6.035439670085906982e-03
2.038895189762115479e-01
7.013352960348129272e-02
1.096455454826354980e-01
1.788136661052703857e-01
-1.380941867828369141e-01
5.093616619706153870e-02
7.887968420982360840e-02
1.277803927659988403e-01
-7.334967143833637238e-03
-8.009454607963562012e-02
2.326531410217285156e-01
1.781067997217178345e-01
-1.937969326972961426e-01
1.065937727689743042e-01
9.987930208444595337e-02
1.077333241701126099e-01
7.365131378173828125e-02
-1.085662767291069031e-01
-4.208295047283172607e-02
-9.271005541086196899e-02
1.124233305454254150e-01
1.173788961023092270e-02
2.259536087512969971e-02
1.414403021335601807e-01
-9.122370928525924683e-02
-1.500503718852996826e-01
-3.730606287717819214e-02
-1.839985847473144531e-01
1.384593695402145386e-01
