3.064699769020080566e-01
-1.226629167795181274e-01
1.339518725872039795e-01
3.253420582041144371e-03
2.682526111602783203e-01
2.933889925479888916e-01
-9.977584332227706909e-02
-8.000251650810241699e-02
8.374304324388504028e-02
-1.111273393034934998e-01
-1.181101277470588684e-01
-2.303944230079650879e-01
1.711267791688442230e-02
-6.214863061904907227e-02
2.421721369028091431e-01
-1.203638389706611633e-01
1.535567194223403931e-01
-3.081989586353302002e-01
3.191316425800323486e-01
2.984827160835266113e-01
1.926489733159542084e-02
3.308068215847015381e-02
3.344617784023284912e-01
2.639064788818359375e-01
-3.544268310070037842e-01
7.425905205309391022e-03
2.488499432802200317e-01
-1.340507715940475464e-01
2.500649988651275635e-01
3.414748013019561768e-01
-5.878334864974021912e-02
1.108896732330322266e-02
2.128579318523406982e-01
3.102795183658599854e-01
2.538117170333862305e-01
2.984175384044647217e-01
2.524553835391998291e-01
-1.679891496896743774e-01
-1.175087764859199524e-01
1.073929965496063232e-01
3.513065874576568604e-01
-1.312291473150253296e-01
-4.748099297285079956e-02
-7.374247163534164429e-02
2.595522999763488770e-01
-1.217485815286636353e-01
2.657847404479980469e-01
-1.118314862251281738e-01
3.460767865180969238e-01
3.299319744110107422e-01
3.919507563114166260e-02
-1.375453770160675049e-01
5.208247154951095581e-02
-1.355301141738891602e-01
4.220263566821813583e-03
-5.134851089678704739e-04
3.223736286163330078e-01
-2.734060212969779968e-02
5.777372862212359905e-04
-5.224372819066047668e-02
2.935074865818023682e-01
3.241116553544998169e-02
1.754957884550094604e-01
-9.873648732900619507e-02
-1.392081230878829956e-01
2.772142291069030762e-01
2.706118822097778320e-01
-2.428725957870483398e-01
5.989902839064598083e-02
-3.988027870655059814e-01
-8.152099908329546452e-04
-2.861125394701957703e-03
-1.215940937399864197e-01
-2.961351349949836731e-02
2.225882187485694885e-02
-1.425625234842300415e-01
-1.071116998791694641e-01
2.232244424521923065e-02
3.105271458625793457e-01
6.335395574569702148e-02
-3.109633922576904297e-01
3.239069283008575439e-01
-2.517369985580444336e-01
-5.034394934773445129e-02
-4.355367738753557205e-03
2.672218084335327148e-01
-5.292359367012977600e-02
-9.629633277654647827e-02
-6.892128288745880127e-02
-2.875468432903289795e-01
2.009743601083755493e-01
-2.124994546175003052e-01
2.221775501966476440e-01
-3.784313499927520752e-01
2.301790714263916016e-01
-4.682789742946624756e-02
2.866556346416473389e-01
2.571632266044616699e-01
7.031167298555374146e-02
-4.193848744034767151e-02
