1.293767243623733521e-01
-2.955982387065887451e-01
4.316262435168027878e-03
-4.839458465576171875e-01
9.744153171777725220e-02
2.881218492984771729e-02
-3.180550932884216309e-01
2.750403881072998047e-01
-3.343648016452789307e-01
8.155332878232002258e-03
-3.145097494125366211e-01
-2.439785450696945190e-01
-4.189905896782875061e-02
4.453312978148460388e-02
3.108369372785091400e-02
1.259295083582401276e-02
5.243716016411781311e-02
-2.814012765884399414e-01
6.069015339016914368e-02
7.987006753683090210e-02
-4.705274943262338638e-03
-1.013176236301660538e-02
1.097124293446540833e-01
5.932959914207458496e-02
-3.843993544578552246e-01
1.704017072916030884e-02
5.752224475145339966e-02
-2.285055816173553467e-02
3.237472847104072571e-02
7.803986966609954834e-02
-2.571780048310756683e-02
-3.797196084633469582e-03
1.204397995024919510e-02
2.541646175086498260e-02
6.552571058273315430e-02
5.785848945379257202e-02
1.070787012577056885e-01
-3.836311101913452148e-01
-1.215824577957391739e-02
-5.298830103129148483e-03
1.409882009029388428e-01
7.656194735318422318e-03
-1.605496555566787720e-02
-6.226070597767829895e-02
5.175857245922088623e-02
-9.035356342792510986e-03
7.875725626945495605e-02
1.635692268610000610e-02
9.906898438930511475e-02
1.275258958339691162e-01
-2.405983768403530121e-02
-3.927984088659286499e-02
1.389929652214050293e-02
-2.833213470876216888e-02
-1.248312182724475861e-02
-3.762711584568023682e-02
1.327008008956909180e-01
-3.123709857463836670e-01
-5.543742179870605469e-01
-7.672853022813796997e-02
1.238256916403770447e-01
-4.376314580440521240e-02
2.545487321913242340e-02
-2.469179593026638031e-02
-1.809140318073332310e-03
7.794110476970672607e-02
8.413319289684295654e-02
-2.777186334133148193e-01
3.923888318240642548e-03
-3.889521360397338867e-01
-5.111296847462654114e-02
-2.453318387269973755e-01
-3.933447005692869425e-04
-2.637294530868530273e-01
-3.184513375163078308e-02
-3.860974013805389404e-01
4.042750298976898193e-01
3.178816735744476318e-01
1.240155249834060669e-01
-1.376060210168361664e-02
-3.518998026847839355e-01
8.991127461194992065e-02
-3.283418416976928711e-01
-2.640129812061786652e-02
-1.735427230596542358e-02
1.777902394533157349e-01
-3.046970441937446594e-02
2.980514056980609894e-02
-5.505201220512390137e-02
-2.462447732686996460e-01
7.232661359012126923e-03
-3.743682503700256348e-01
1.090779900550842285e-02
-4.073966443538665771e-01
1.386463269591331482e-02
-3.975503146648406982e-01
7.853335887193679810e-02
1.167406365275382996e-01
1.153738703578710556e-02
-1.840815693140029907e-01
