-9.706305712461471558e-02
-2.319898270070552826e-02
8.056287467479705811e-02
3.491327166557312012e-01
8.888960629701614380e-02
1.887609809637069702e-02
-1.492872387170791626e-01
3.274065852165222168e-01
2.790223062038421631e-01
1.645941436290740967e-01
6.719586998224258423e-02
2.901889942586421967e-02
7.737617194652557373e-02
1.296200305223464966e-01
1.270530968904495239e-01
-3.264442086219787598e-01
3.433638513088226318e-01
1.022180169820785522e-01
4.848024994134902954e-02
-2.223978191614151001e-02
-7.388961315155029297e-02
7.032191753387451172e-02
-6.023174524307250977e-02
-7.707340270280838013e-02
7.405920326709747314e-02
-3.942546993494033813e-02
8.512655645608901978e-02
1.701798737049102783e-01
-9.994002431631088257e-02
-8.176653832197189331e-02
9.657148271799087524e-02
-1.007208004593849182e-01
-1.040469929575920105e-01
-7.417129725217819214e-02
9.138997644186019897e-03
-1.007248684763908386e-01
3.636224567890167236e-01
-1.773506775498390198e-02
-7.644660770893096924e-02
5.630249157547950745e-02
1.931136250495910645e-01
-1.615929901599884033e-01
3.237755894660949707e-01
2.107817530632019043e-01
-5.745115503668785095e-02
1.697733700275421143e-01
-1.338281333446502686e-01
-4.209887608885765076e-02
-1.411697715520858765e-01
-1.148781999945640564e-01
4.500375092029571533e-01
-3.629248589277267456e-02
-2.168842824175953865e-03
-7.303832471370697021e-02
4.345703125000000000e-02
3.518308997154235840e-01
-1.712307631969451904e-01
-4.944015666842460632e-02
-9.589496254920959473e-02
-1.349222958087921143e-01
1.136187389492988586e-01
2.149010151624679565e-01
-1.111264303326606750e-01
4.325435161590576172e-01
5.794837698340415955e-02
2.082228809595108032e-01
9.358993172645568848e-02
3.004412949085235596e-01
-3.703311830759048462e-02
1.550699211657047272e-02
-1.526468396186828613e-01
-1.807923465967178345e-01
4.737694188952445984e-02
-9.487177012488245964e-04
-2.038365900516510010e-01
-9.154400229454040527e-02
-7.298649102449417114e-02
6.410672515630722046e-02
-8.854491263628005981e-02
-1.659198664128780365e-02
3.771685361862182617e-01
-1.442302614450454712e-01
8.288596570491790771e-02
4.328159987926483154e-01
1.817245930433273315e-01
-5.732500925660133362e-03
1.558831781148910522e-01
3.091866970062255859e-01
1.194517314434051514e-01
1.119457408785820007e-01
9.401855617761611938e-02
-6.271836161613464355e-02
3.036071062088012695e-01
2.699937224388122559e-01
2.038951516151428223e-01
2.932573258876800537e-01
1.126818507909774780e-01
-6.357815116643905640e-02
-4.260285571217536926e-02
1.775974221527576447e-02
