2.639362514019012451e-01
2.958690524101257324e-01
3.538111746311187744e-01
-1.146618425846099854e-01
-9.919238090515136719e-02
3.778225481510162354e-01
9.390833973884582520e-02
2.338774204254150391e-01
-6.479354202747344971e-02
-5.302043631672859192e-02
-2.991286292672157288e-02
3.450263664126396179e-02
2.019896805286407471e-01
2.440732419490814209e-01
-1.017845887690782547e-02
1.820597946643829346e-01
3.319573402404785156e-01
-1.221606507897377014e-01
-1.418534815311431885e-01
-2.133740484714508057e-02
2.000394165515899658e-01
1.861703544855117798e-01
6.003201007843017578e-02
8.022062480449676514e-02
3.691755533218383789e-01
2.890512347221374512e-01
3.035364747047424316e-01
2.136071026325225830e-01
-8.044894039630889893e-02
2.996247112751007080e-01
3.633260130882263184e-01
3.920575976371765137e-02
-1.138051226735115051e-01
-1.180358603596687317e-01
9.287273883819580078e-02
-1.334427595138549805e-01
3.043533563613891602e-01
-8.931332826614379883e-02
2.002782970666885376e-01
-1.031930893659591675e-01
-3.565048053860664368e-02
3.457374870777130127e-01
1.798066794872283936e-01
2.605872750282287598e-01
-4.046467132866382599e-03
-9.899376332759857178e-02
3.528324365615844727e-01
2.070879042148590088e-01
7.490788400173187256e-02
-1.151585355401039124e-01
-8.448788523674011230e-02
2.447439134120941162e-01
3.105461895465850830e-01
2.318502217531204224e-01
3.271737694740295410e-01
3.146281540393829346e-01
1.555936932563781738e-01
2.979207634925842285e-01
6.749457716941833496e-01
3.774922490119934082e-01
-9.708464145660400391e-02
-1.313166767358779907e-01
1.680965572595596313e-01
9.833272546529769897e-03
2.457118183374404907e-01
-5.644403696060180664e-01
1.831606961786746979e-02
-3.259937465190887451e-02
-6.327477693557739258e-01
-1.010329052805900574e-01
3.890789747238159180e-01
3.026424348354339600e-02
1.717830002307891846e-01
1.632195897400379181e-02
-9.953825920820236206e-02
1.021033227443695068e-01
7.434475421905517578e-02
2.886232137680053711e-01
-1.004582345485687256e-01
5.355053767561912537e-02
-8.092735707759857178e-02
3.801528215408325195e-01
2.245336174964904785e-01
3.771418333053588867e-02
-1.547191757708787918e-02
1.950009912252426147e-01
-8.352138847112655640e-02
4.975864663720130920e-02
3.764476627111434937e-02
2.969310879707336426e-01
3.295871913433074951e-01
-7.366557419300079346e-02
3.197605013847351074e-01
-2.857050001621246338e-01
-2.207689136266708374e-01
-1.066780835390090942e-01
8.512654155492782593e-02
4.327462986111640930e-02
3.678696751594543457e-01
1.153814699500799179e-02
