-4.049446806311607361e-02
5.264413356781005859e-02
3.726387023925781250e-02
8.538860082626342773e-02
2.679544389247894287e-01
1.757683604955673218e-01
1.850984990596771240e-01
7.889310829341411591e-03
5.696620792150497437e-02
-3.812763467431068420e-02
1.619863789528608322e-03
-7.194090634584426880e-02
2.362543344497680664e-02
-2.746244668960571289e-01
8.108278363943099976e-02
-1.789315640926361084e-01
9.484165906906127930e-02
2.353113442659378052e-01
7.286485284566879272e-02
4.306073486804962158e-02
-2.566773444414138794e-02
1.649470999836921692e-02
6.068921089172363281e-02
8.769837021827697754e-02
7.841074466705322266e-02
1.763915717601776123e-01
1.297188103199005127e-01
-7.180593907833099365e-02
3.879237920045852661e-02
-2.960965037345886230e-02
1.739248782396316528e-01
-1.455963216722011566e-02
9.340792149305343628e-02
-1.072203293442726135e-01
-2.440705895423889160e-02
1.729869395494461060e-01
7.075013220310211182e-02
3.700445964932441711e-02
-7.696653157472610474e-02
3.757114335894584656e-02
-9.530799463391304016e-03
-7.860875129699707031e-02
3.022326715290546417e-02
-8.091803640127182007e-02
-8.047577738761901855e-02
6.938171386718750000e-02
2.683920040726661682e-02
2.304140031337738037e-01
9.942451864480972290e-02
1.669461578130722046e-01
-2.563155442476272583e-02
2.092288993299007416e-02
-3.721741214394569397e-02
2.502870932221412659e-02
-6.705787777900695801e-02
2.924738228321075439e-01
1.313293576240539551e-01
-1.095171272754669189e-01
3.943363949656486511e-02
2.085688859224319458e-01
1.806300431489944458e-01
1.202193871140480042e-01
2.903572022914886475e-01
8.619379252195358276e-02
5.997297819703817368e-03
1.133303996175527573e-02
4.761117696762084961e-02
1.266490370035171509e-01
3.533056005835533142e-02
-6.930945068597793579e-02
2.979843020439147949e-01
1.059233620762825012e-01
2.426039054989814758e-02
-9.116207808256149292e-02
2.275219187140464783e-03
2.582100629806518555e-01
3.416218236088752747e-02
1.416370272636413574e-01
2.419086843729019165e-01
2.710001766681671143e-01
7.495485711842775345e-03
2.152520269155502319e-01
2.329160273075103760e-01
-1.801003515720367432e-02
1.899168491363525391e-01
4.516443237662315369e-02
9.169442951679229736e-02
1.655792295932769775e-01
2.472819834947586060e-01
1.340286340564489365e-02
-3.946594893932342529e-02
3.525536507368087769e-02
4.734584130346775055e-03
2.417191304266452789e-02
9.975790977478027344e-02
1.311681233346462250e-02
1.066186055541038513e-01
9.149291366338729858e-02
5.602868273854255676e-02
4.051038995385169983e-02
