6.676843389868736267e-03
2.780158221721649170e-01
-1.738242357969284058e-01
2.277245670557022095e-01
-4.912667348980903625e-02
-2.421010732650756836e-01
2.770291566848754883e-01
-4.553484320640563965e-01
-7.349845767021179199e-02
-9.313046187162399292e-02
-1.294648051261901855e-01
2.140760719776153564e-01
5.004527568817138672e-01
1.111377701163291931e-01
2.436640262603759766e-01
1.373452544212341309e-01
-1.300114989280700684e-01
3.144320249557495117e-01
3.910831734538078308e-02
-6.234944984316825867e-02
2.673799693584442139e-01
-7.462266087532043457e-02
2.483701258897781372e-01
-6.648304313421249390e-02
1.539816111326217651e-01
2.804713249206542969e-01
-1.106887608766555786e-01
5.715753883123397827e-02
-2.893626987934112549e-01
-8.773807436227798462e-02
-1.216837316751480103e-01
-1.126689761877059937e-01
-4.561474546790122986e-02
1.211230903863906860e-01
3.049811124801635742e-01
2.078899443149566650e-01
2.524973452091217041e-01
6.350522041320800781e-01
-3.264116644859313965e-01
2.080191522836685181e-01
-1.401091367006301880e-01
2.275531738996505737e-01
-1.458792686462402344e-01
2.256707660853862762e-02
3.088546991348266602e-01
2.301130890846252441e-01
2.635559439659118652e-01
1.942232549190521240e-01
6.045727059245109558e-02
1.755967438220977783e-01
-1.744053214788436890e-01
-1.122398301959037781e-01
2.401760220527648926e-01
-1.348740756511688232e-01
2.353320270776748657e-01
-7.966805249452590942e-02
-1.363426148891448975e-01
3.885519504547119141e-02
-4.812467098236083984e-02
2.734496295452117920e-01
7.606504112482070923e-02
2.098218947649002075e-01
2.204762846231460571e-01
-6.605141609907150269e-02
1.996907889842987061e-01
-4.310429096221923828e-02
1.005652826279401779e-03
-1.209434643387794495e-01
-1.152781620621681213e-01
3.794637322425842285e-02
-4.397667199373245239e-02
2.864331603050231934e-01
-1.384885907173156738e-01
2.665683925151824951e-01
-1.272792965173721313e-01
1.630706191062927246e-01
5.071552991867065430e-01
2.953714728355407715e-01
-1.379354298114776611e-01
-9.966155141592025757e-02
2.865644730627536774e-02
1.324753463268280029e-01
6.705158203840255737e-02
-8.328253775835037231e-02
3.002299368381500244e-01
2.138215750455856323e-01
1.374912708997726440e-01
1.701977998018264771e-01
-2.744013667106628418e-01
4.561550542712211609e-02
-8.880204707384109497e-02
8.910185843706130981e-02
-2.697916328907012939e-01
1.760264337062835693e-01
-1.003544107079505920e-01
-3.984526917338371277e-02
-8.109292387962341309e-02
3.001126945018768311e-01
-1.615643352270126343e-01
-6.339028477668762207e-02
