6.603118777275085449e-02
5.130320042371749878e-02
1.997521221637725830e-01
-2.713215909898281097e-02
2.256454676389694214e-01
-1.456542965024709702e-02
3.183155655860900879e-01
3.053627721965312958e-02
2.834421098232269287e-01
3.100626170635223389e-03
1.065332293510437012e-01
1.615813821554183960e-01
4.216562584042549133e-02
2.202817350625991821e-01
1.412513256072998047e-01
1.927809864282608032e-01
7.408931106328964233e-02
3.033598363399505615e-01
2.747569419443607330e-02
6.812199205160140991e-02
2.692103385925292969e-01
4.261796548962593079e-02
8.020038902759552002e-02
-1.609322801232337952e-02
-6.226605921983718872e-02
1.149614825844764709e-01
1.792017817497253418e-01
2.251455152872949839e-04
6.499521434307098389e-02
-1.021924838423728943e-01
2.336508929729461670e-01
6.232191994786262512e-02
2.230428904294967651e-02
1.149465963244438171e-01
2.458575963973999023e-01
7.388879358768463135e-02
1.559627950191497803e-01
1.573987454175949097e-01
8.007520437240600586e-02
2.552983164787292480e-01
5.538336187601089478e-02
2.138474397361278534e-02
-7.630233466625213623e-02
1.585508584976196289e-01
-3.267596662044525146e-02
2.127358689904212952e-02
-5.168867111206054688e-02
5.437400192022323608e-02
-4.625649750232696533e-02
2.102035731077194214e-01
8.261588215827941895e-02
2.129681780934333801e-02
5.735946074128150940e-02
-1.748687401413917542e-02
1.571873277425765991e-01
1.104103326797485352e-01
-9.406611323356628418e-02
-9.573717415332794189e-02
-4.320522304624319077e-03
2.439626455307006836e-01
1.015025451779365540e-01
-8.526891469955444336e-04
3.242568373680114746e-01
8.901684731245040894e-02
9.330055862665176392e-02
7.541666179895401001e-02
-2.788515947759151459e-02
2.399814724922180176e-01
7.576499879360198975e-02
1.851074695587158203e-01
-2.426297217607498169e-01
-3.329203650355339050e-02
4.744791891425848007e-03
7.700739800930023193e-02
4.660765826702117920e-02
2.362237721681594849e-01
-6.816805154085159302e-02
6.107455119490623474e-02
1.097446084022521973e-01
1.896783858537673950e-01
1.337831318378448486e-01
6.507997959852218628e-02
1.727889180183410645e-01
2.199827320873737335e-02
-2.136060968041419983e-02
1.988272881135344505e-03
-9.543104097247123718e-04
1.833269894123077393e-01
9.883821755647659302e-02
5.752407759428024292e-02
1.033904701471328735e-01
1.248959526419639587e-01
9.077411890029907227e-02
-6.644816696643829346e-02
-3.545621410012245178e-02
2.727916240692138672e-01
-1.304757595062255859e-01
1.344044953584671021e-01
5.837206728756427765e-03
5.563640594482421875e-02
