-8.293523639440536499e-02
4.764917865395545959e-02
3.252296894788742065e-02
3.980843126773834229e-01
4.152454137802124023e-01
3.646443188190460205e-01
3.948558866977691650e-01
-1.140173971652984619e-01
2.733635604381561279e-01
-7.949614524841308594e-02
2.944292724132537842e-01
2.103001438081264496e-02
3.506071865558624268e-01
-1.014027148485183716e-01
-7.608721032738685608e-03
4.124454855918884277e-01
3.825967907905578613e-01
3.268901407718658447e-01
-1.209286227822303772e-01
3.226119875907897949e-01
4.203890562057495117e-01
1.884603947401046753e-01
-8.344164490699768066e-02
-2.368660271167755127e-01
3.181633651256561279e-01
-8.422964811325073242e-02
4.179600775241851807e-01
2.883968502283096313e-02
-2.574850022792816162e-01
-3.871676512062549591e-03
1.848645508289337158e-02
2.809348702430725098e-01
2.582852840423583984e-01
3.117847815155982971e-02
-4.541352018713951111e-02
-3.445597887039184570e-01
-1.540828943252563477e-01
-2.948371320962905884e-02
4.242710471153259277e-01
-7.220210134983062744e-02
-9.370144456624984741e-02
3.361573219299316406e-01
3.132261037826538086e-01
2.404555976390838623e-01
3.507333099842071533e-01
6.260406225919723511e-02
4.440538119524717331e-03
3.171864198520779610e-03
4.096823036670684814e-01
-8.926115185022354126e-02
1.952734775841236115e-02
1.054656691849231720e-03
3.729033768177032471e-01
-6.602634489536285400e-02
-7.133476436138153076e-02
9.622015804052352905e-02
-2.924425760284066200e-03
2.168375253677368164e-01
4.153603911399841309e-01
-3.633709624409675598e-02
3.986099958419799805e-01
3.244996070861816406e-01
2.660889364778995514e-02
3.593792915344238281e-01
3.222321271896362305e-01
1.282953917980194092e-01
-3.776207938790321350e-02
-1.046851575374603271e-01
2.418144196271896362e-01
3.781779203563928604e-03
-9.497407823801040649e-02
-1.213807910680770874e-01
-8.508324623107910156e-02
-7.905008643865585327e-02
2.959744818508625031e-02
-3.507990837097167969e-01
-4.172715544700622559e-02
3.121081590652465820e-01
2.975172400474548340e-01
3.875647485256195068e-01
3.417222499847412109e-01
2.497582584619522095e-01
-8.646224439144134521e-02
-9.813822060823440552e-02
4.610906913876533508e-02
-3.096453845500946045e-01
3.777415156364440918e-01
3.161736205220222473e-02
3.365748226642608643e-01
-7.009019702672958374e-02
-7.389303296804428101e-02
4.056384265422821045e-01
3.152073025703430176e-01
4.725563526153564453e-02
-1.063330750912427902e-02
3.308563828468322754e-01
2.932945787906646729e-01
-1.358490809798240662e-02
4.070378839969635010e-01
-2.475906014442443848e-01
