-4.587051272392272949e-02
4.275903478264808655e-02
4.814068600535392761e-02
-2.886401303112506866e-02
-1.239218749105930328e-02
-1.110752522945404053e-01
-2.286589890718460083e-01
1.904892623424530029e-01
1.062916740775108337e-01
1.923336833715438843e-01
-1.572487354278564453e-01
6.257468461990356445e-02
8.558664470911026001e-02
2.051467262208461761e-02
-1.723453588783740997e-02
1.447289586067199707e-01
-4.257969185709953308e-02
9.977307170629501343e-03
2.201303094625473022e-02
8.222237229347229004e-02
-4.649484995752573013e-03
-8.517850935459136963e-02
7.391985505819320679e-02
1.121298521757125854e-01
1.749804019927978516e-01
3.392916917800903320e-01
3.140679001808166504e-01
3.373435512185096741e-02
-1.433663163334131241e-02
7.847066223621368408e-02
1.310418695211410522e-01
-2.068811096251010895e-02
-1.450786087661981583e-02
1.932053118944168091e-01
2.298608571290969849e-01
7.714083790779113770e-02
6.464568525552749634e-02
7.447027415037155151e-02
-1.429398311302065849e-03
-1.489136833697557449e-02
9.333441406488418579e-02
-1.522720754146575928e-01
1.158465072512626648e-01
1.005974262952804565e-01
1.706081628799438477e-01
-3.188489004969596863e-02
-2.674555033445358276e-02
3.376724720001220703e-01
4.587053358554840088e-01
-8.334717154502868652e-02
7.597802579402923584e-02
7.995386421680450439e-02
5.167750269174575806e-02
8.683791756629943848e-02
-8.874157071113586426e-02
5.567808821797370911e-02
1.065963506698608398e-01
1.483975499868392944e-01
8.431778848171234131e-02
2.241812050342559814e-01
-1.811577826738357544e-01
1.339560598134994507e-01
-1.690163835883140564e-02
5.990997329354286194e-02
8.502842485904693604e-02
2.443630099296569824e-01
-9.935212321579456329e-03
2.426633089780807495e-01
3.683141246438026428e-02
-1.682726293802261353e-02
-9.414962679147720337e-02
1.176445335149765015e-01
1.663418672978878021e-02
2.621286809444427490e-01
8.109012246131896973e-02
1.004842892289161682e-01
2.024624049663543701e-01
1.186007410287857056e-01
7.726635038852691650e-02
6.787811219692230225e-02
1.866371631622314453e-01
5.417071282863616943e-02
2.292095124721527100e-02
1.515217125415802002e-01
-1.108278036117553711e-01
8.999230712652206421e-02
-4.193413257598876953e-02
1.620055586099624634e-01
1.486409753561019897e-01
-4.072261601686477661e-02
-6.481079012155532837e-02
1.155109703540802002e-02
1.640980243682861328e-01
7.609569281339645386e-02
3.049139678478240967e-01
1.003479883074760437e-01
4.547001048922538757e-02
2.752845883369445801e-01
2.230510413646697998e-01
8.121770620346069336e-02
