-5.306708067655563354e-02
8.478322066366672516e-03
3.491998463869094849e-02
-9.796425700187683105e-02
-3.242300823330879211e-02
-3.400195240974426270e-01
-2.762521505355834961e-01
4.753666371107101440e-02
-1.485872417688369751e-01
-5.049620941281318665e-02
1.086254864931106567e-01
1.953453384339809418e-02
5.611699074506759644e-02
1.026158705353736877e-01
7.684849202632904053e-02
-3.310352936387062073e-02
1.875477284193038940e-02
1.388095617294311523e-01
8.031516917981207371e-04
-3.228554874658584595e-02
8.836986869573593140e-02
1.204358488321304321e-01
-2.013490907847881317e-02
-2.026763260364532471e-01
1.294735670089721680e-01
-6.365255266427993774e-02
9.265828877687454224e-02
-4.284249544143676758e-01
1.745526865124702454e-02
3.915567416697740555e-03
1.155585050582885742e-02
1.076378673315048218e-01
-1.561422366648912430e-03
-6.734744645655155182e-03
1.071323379874229431e-01
-4.391073063015937805e-02
-1.656103134155273438e-02
-6.159005220979452133e-03
7.487098686397075653e-03
4.661639779806137085e-02
4.025957081466913223e-03
-3.871277719736099243e-02
1.185888499021530151e-01
9.015852212905883789e-02
8.330362290143966675e-02
7.402142137289047241e-02
-1.378812547773122787e-02
-8.538106679916381836e-01
2.895165979862213135e-01
2.686082944273948669e-02
8.931476622819900513e-02
-5.113572627305984497e-02
-1.817414537072181702e-02
1.507773846387863159e-01
-8.681061863899230957e-02
-1.462661288678646088e-02
4.979539662599563599e-03
-4.125023260712623596e-02
1.128280907869338989e-01
1.419782936573028564e-01
-8.940883912146091461e-03
1.698086969554424286e-02
-2.731067501008510590e-02
-1.637921086512506008e-03
1.713589727878570557e-01
-1.661770418286323547e-02
-7.893149554729461670e-02
1.168693080544471741e-01
8.760089054703712463e-03
8.329647034406661987e-02
8.644078858196735382e-03
1.460912227630615234e-01
1.048018708825111389e-01
1.210592538118362427e-01
-1.635816991329193115e-01
4.780926406383514404e-01
7.428693771362304688e-02
3.639774862676858902e-03
1.260376721620559692e-01
4.546723887324333191e-02
5.321585386991500854e-02
1.340874843299388885e-02
1.224034801125526428e-01
-2.379442937672138214e-02
8.068128675222396851e-02
3.273453563451766968e-03
-2.755611203610897064e-02
6.719227135181427002e-02
7.300265878438949585e-02
2.477901242673397064e-02
7.312233000993728638e-02
-2.984611783176660538e-03
8.243852108716964722e-02
-4.897435754537582397e-02
-1.965298503637313843e-02
3.168525174260139465e-02
2.192606180906295776e-01
1.437076777219772339e-01
2.045365609228610992e-02
-5.086263641715049744e-03
