-1.198338344693183899e-01
-3.088855743408203125e-02
3.917432576417922974e-02
7.980237901210784912e-02
5.470996350049972534e-02
2.433532178401947021e-01
-7.979576289653778076e-02
2.656417191028594971e-01
1.728421449661254883e-01
-4.306352138519287109e-02
9.990549832582473755e-02
1.364171272143721581e-03
2.363253235816955566e-01
-3.932705521583557129e-02
2.793879508972167969e-01
-8.106561005115509033e-02
1.212370917201042175e-01
2.385654486715793610e-02
2.838486991822719574e-02
6.612476706504821777e-02
6.543723493814468384e-02
1.389728486537933350e-01
1.315259635448455811e-01
9.847689652815461159e-04
-6.132860202342271805e-03
2.222478836774826050e-01
-4.427954554557800293e-02
1.578639596700668335e-01
-3.556592017412185669e-02
2.853076756000518799e-01
1.889863461256027222e-01
-3.712233528494834900e-02
-6.048236414790153503e-02
4.663249477744102478e-02
4.532730951905250549e-02
-1.833413727581501007e-02
-3.926893696188926697e-03
1.911180168390274048e-01
3.092543967068195343e-02
6.761276163160800934e-03
-1.088319569826126099e-01
1.848257482051849365e-01
1.915939599275588989e-01
-1.423197519034147263e-02
6.345413625240325928e-02
2.644446194171905518e-01
2.354233562946319580e-01
2.434522360563278198e-01
5.526830628514289856e-02
-1.852781511843204498e-02
2.069813162088394165e-01
-1.533445119857788086e-01
-6.536717410199344158e-04
3.412764519453048706e-02
2.068613283336162567e-02
2.190118432044982910e-01
1.715189963579177856e-01
-1.946172118186950684e-02
2.628906667232513428e-01
3.303889930248260498e-01
2.410451881587505341e-02
-2.863516509532928467e-01
-1.759904064238071442e-02
-4.689830169081687927e-02
-4.170010238885879517e-02
5.206351354718208313e-02
-1.068351194262504578e-01
-1.593254655599594116e-01
1.252185553312301636e-01
-2.050134837627410889e-01
-1.064658164978027344e-01
-6.790450960397720337e-02
-4.928594827651977539e-02
-3.702589124441146851e-02
-1.659735478460788727e-02
2.289612218737602234e-02
-7.425738126039505005e-02
1.567115485668182373e-01
7.060103118419647217e-03
2.491825819015502930e-01
-1.261228173971176147e-01
1.010468155145645142e-01
-1.380623430013656616e-01
-1.618212834000587463e-02
1.287689357995986938e-01
6.609132140874862671e-02
-1.412339955568313599e-01
-2.142147719860076904e-01
2.041611261665821075e-02
8.583746850490570068e-02
-4.056064411997795105e-02
5.129197239875793457e-02
1.193411722779273987e-01
2.777675986289978027e-01
8.874866366386413574e-02
1.862924396991729736e-01
2.698613107204437256e-01
-1.470880117267370224e-02
7.313521206378936768e-02
-2.847627103328704834e-01
