-2.090226113796234131e-02
1.262487471103668213e-01
-1.512119662947952747e-03
-9.426214545965194702e-02
3.008663840591907501e-02
-5.867499858140945435e-02
1.199403544887900352e-03
9.458797425031661987e-02
1.187873631715774536e-01
7.067499309778213501e-02
8.630213141441345215e-02
7.731886208057403564e-02
3.106882236897945404e-02
1.076858863234519958e-02
3.429154679179191589e-02
6.735631823539733887e-02
-5.150011777877807617e-01
1.631593215279281139e-03
-3.011837415397167206e-02
4.994148388504981995e-02
-4.897619946859776974e-04
1.660399697721004486e-02
-2.935905195772647858e-02
1.250989437103271484e-01
1.242077052593231201e-01
-4.613263998180627823e-03
-2.867231518030166626e-02
1.054160576313734055e-02
-6.174635514616966248e-02
1.314412895590066910e-02
-2.107820846140384674e-02
1.560705807060003281e-02
1.167255714535713196e-01
9.626293182373046875e-02
8.128853142261505127e-02
1.506559737026691437e-02
-6.548262834548950195e-01
7.268083095550537109e-02
-3.887818381190299988e-02
1.190364211797714233e-01
1.436293423175811768e-01
5.028421059250831604e-02
7.284990698099136353e-02
-1.972392946481704712e-02
-1.002527922391891479e-01
1.380059961229562759e-02
-6.152389198541641235e-02
1.543535478413105011e-02
-2.859751880168914795e-01
-2.429115958511829376e-02
1.009750664234161377e-01
4.247260466217994690e-02
2.258580736815929413e-02
5.409380048513412476e-02
-4.161213710904121399e-02
1.239008828997612000e-02
7.369049638509750366e-02
1.497138105332851410e-02
3.619804084300994873e-01
-1.495803892612457275e-01
-1.350900828838348389e-01
3.263959884643554688e-01
-2.451681718230247498e-02
9.520156681537628174e-02
7.120051234960556030e-02
5.711951106786727905e-02
3.366578137502074242e-03
1.019668299704790115e-02
-2.119111130014061928e-03
-5.312573630362749100e-03
3.862866759300231934e-02
5.105243250727653503e-02
-4.358618706464767456e-02
1.246337499469518661e-02
6.061176210641860962e-02
-1.668580621480941772e-02
2.752666175365447998e-01
-5.549661815166473389e-03
3.357423841953277588e-01
-9.556811302900314331e-02
2.766659483313560486e-02
3.205664106644690037e-04
-1.991738379001617432e-01
4.680427722632884979e-03
-1.145705580711364746e-02
-1.218695615534670651e-04
-2.426842041313648224e-02
1.243950799107551575e-01
-1.338891834020614624e-01
1.210142672061920166e-01
-3.454254567623138428e-02
1.018933355808258057e-01
-4.299638420343399048e-02
-2.152208834886550903e-01
7.621194235980510712e-03
-9.029488265514373779e-02
-2.997861942276358604e-03
1.076127663254737854e-01
4.340156912803649902e-01
8.224160969257354736e-02
