-1.113357916474342346e-01
3.103780150413513184e-01
3.472964167594909668e-01
4.315955638885498047e-01
-2.064167857170104980e-01
3.401704728603363037e-01
3.739193081855773926e-01
2.358424812555313110e-01
3.147313296794891357e-01
-3.597058728337287903e-02
-1.145100593566894531e-01
-9.079086035490036011e-02
2.606120146811008453e-02
2.209568396210670471e-02
3.112968206405639648e-01
3.347409069538116455e-01
-2.770264148712158203e-01
-5.485067144036293030e-02
2.393711805343627930e-01
2.549939453601837158e-01
3.229969367384910583e-02
-1.158605441451072693e-01
2.626466937363147736e-02
-2.087943442165851593e-02
4.567893594503402710e-02
-9.859947487711906433e-03
3.508732095360755920e-02
3.695391416549682617e-01
-5.374691262841224670e-02
-7.246041297912597656e-02
2.808334529399871826e-01
1.127655580639839172e-01
3.361941576004028320e-01
-3.824400156736373901e-02
3.065026104450225830e-01
1.169588193297386169e-01
3.293574750423431396e-01
-1.190446540713310242e-01
3.160588741302490234e-01
-1.224583387374877930e-01
3.863905072212219238e-01
3.525925874710083008e-01
-6.288160383701324463e-02
-1.133001670241355896e-01
-7.977547496557235718e-02
-1.569674536585807800e-02
2.796944975852966309e-01
-7.593610323965549469e-03
3.417043387889862061e-01
3.666477501392364502e-01
4.095774888992309570e-02
-4.385584965348243713e-02
3.398962020874023438e-01
-7.412539422512054443e-02
-1.123218983411788940e-01
-6.532623618841171265e-02
3.219778537750244141e-01
4.049098491668701172e-01
2.991245687007904053e-02
3.465602099895477295e-01
3.841857314109802246e-01
2.738612890243530273e-01
3.896025121212005615e-01
-1.090589258819818497e-02
1.300877630710601807e-01
1.185413375496864319e-01
-2.635402679443359375e-01
-1.149941012263298035e-01
1.582760363817214966e-01
3.128694295883178711e-01
-6.146707758307456970e-02
3.610073029994964600e-02
-8.736415207386016846e-02
-2.867314815521240234e-01
-1.134016141295433044e-01
-7.763130962848663330e-02
2.580329179763793945e-01
-8.413918316364288330e-02
-1.309813410043716431e-01
-3.032787144184112549e-02
-3.586661070585250854e-02
3.214898705482482910e-01
-1.282237768173217773e-01
2.021750435233116150e-02
-8.146239817142486572e-02
-1.275085061788558960e-01
-7.056955993175506592e-02
-1.105988547205924988e-01
1.723994733765721321e-03
4.093251377344131470e-02
-2.698923926800489426e-03
3.404946997761726379e-02
-7.245056331157684326e-02
1.846630871295928955e-01
4.660968855023384094e-02
-5.878064781427383423e-02
2.586871683597564697e-01
-5.650600045919418335e-02
3.687295317649841309e-01
-9.571293741464614868e-02
