3.237503468990325928e-01
-1.126004382967948914e-01
3.996260464191436768e-02
-1.157721802592277527e-01
2.612833976745605469e-01
2.722652852535247803e-01
-4.360490478575229645e-03
3.359459638595581055e-01
-5.600702390074729919e-02
2.183574587106704712e-01
-1.367521565407514572e-02
-2.023622989654541016e-01
-2.328427731990814209e-01
3.134692311286926270e-01
4.107716958969831467e-03
4.042324721813201904e-01
-8.779340237379074097e-02
-5.715332552790641785e-02
-1.325928978621959686e-02
2.638890147209167480e-01
-3.190656304359436035e-01
2.769281864166259766e-01
3.723777458071708679e-02
6.363029126077890396e-03
3.891484737396240234e-01
-3.606865927577018738e-02
-1.077157631516456604e-01
-1.117237508296966553e-01
3.310275971889495850e-01
3.295009136199951172e-01
3.925003707408905029e-01
-7.917959988117218018e-02
-5.692507699131965637e-02
1.608761250972747803e-01
3.374857828021049500e-02
-7.060896605253219604e-02
-4.142511636018753052e-02
-9.946493059396743774e-02
4.704108834266662598e-01
3.764008283615112305e-01
-1.064580008387565613e-01
-6.950002908706665039e-01
-1.381405889987945557e-01
2.978650033473968506e-01
-7.282896339893341064e-02
3.292832076549530029e-01
-1.201012209057807922e-01
-5.111683160066604614e-02
-9.085074812173843384e-02
3.718675374984741211e-01
-7.982802391052246094e-02
-1.170111224055290222e-01
-2.617765367031097412e-01
2.501212358474731445e-01
3.577518463134765625e-01
-1.090739443898200989e-01
-2.022274136543273926e-01
3.788471221923828125e-01
-6.288447231054306030e-02
3.176667094230651855e-01
-2.363538742065429688e-02
-2.964296340942382812e-01
3.246243298053741455e-01
2.444684207439422607e-01
6.198804974555969238e-01
-1.123655512928962708e-01
-5.905933305621147156e-02
2.990606427192687988e-01
2.275104373693466187e-01
3.520686328411102295e-01
4.232712984085083008e-01
3.232931494712829590e-01
-7.215649634599685669e-02
2.328184247016906738e-02
3.111338242888450623e-02
3.824236392974853516e-01
3.985657989978790283e-01
-3.572869114577770233e-03
-5.101790279150009155e-02
3.330092132091522217e-01
-7.705756425857543945e-01
-1.913718283176422119e-01
3.247210681438446045e-01
-1.584305986762046814e-02
-1.077005267143249512e-01
2.023813724517822266e-01
3.216540813446044922e-01
3.841404020786285400e-01
3.291546404361724854e-01
8.549301326274871826e-02
-1.069427654147148132e-01
-6.020301580429077148e-02
-1.140311509370803833e-01
-2.161681056022644043e-01
-4.466854408383369446e-02
-3.035164773464202881e-01
-2.017624489963054657e-02
-1.624221540987491608e-02
3.502396643161773682e-01
-6.946226209402084351e-02
