3.360624015331268311e-01
-2.668363787233829498e-02
-6.165992841124534607e-02
-9.018821269273757935e-02
2.882270701229572296e-02
5.462028458714485168e-02
-2.980026975274085999e-02
6.117819249629974365e-02
-3.208538144826889038e-02
9.314892813563346863e-03
-2.207213491201400757e-01
-4.307144880294799805e-01
-2.138491868972778320e-01
9.061331301927566528e-02
2.222247980535030365e-02
9.101695567369461060e-02
-3.149853728245943785e-04
1.700638793408870697e-02
-3.375547379255294800e-02
1.242085918784141541e-02
-2.175909280776977539e-01
1.055984497070312500e-01
-2.134030498564243317e-02
-2.684218809008598328e-02
1.307741999626159668e-01
4.138352721929550171e-02
-7.409849762916564941e-02
-7.486876845359802246e-01
1.034606993198394775e-01
4.407959431409835815e-02
8.288128674030303955e-02
8.100531995296478271e-04
-3.708367422223091125e-02
5.655290093272924423e-03
4.097889177501201630e-03
-2.753456234931945801e-01
-4.681849852204322815e-02
-2.629212476313114166e-02
2.690591514110565186e-01
1.178233921527862549e-01
-9.890791028738021851e-03
-8.395667076110839844e-01
-3.278850018978118896e-02
3.619141876697540283e-02
1.164271589368581772e-02
1.127238422632217407e-01
-2.923313155770301819e-02
-2.211193926632404327e-02
-4.863313212990760803e-02
1.336289942264556885e-01
-1.819010265171527863e-02
1.321019679307937622e-01
-2.945034205913543701e-01
8.218753337860107422e-02
8.386442065238952637e-02
9.628738462924957275e-02
-3.749763071537017822e-01
5.556719750165939331e-02
1.306790020316839218e-02
1.106948107481002808e-01
2.046132832765579224e-02
-2.037389278411865234e-01
3.955424204468727112e-02
1.059132069349288940e-01
7.605977654457092285e-01
-4.475858807563781738e-02
-1.467906832695007324e-01
8.961921930313110352e-02
6.774857640266418457e-02
5.795515701174736023e-02
1.330307126045227051e-01
1.256150454282760620e-01
-2.705566883087158203e-01
4.449675977230072021e-01
1.513058692216873169e-02
9.763315320014953613e-02
1.556081920862197876e-01
-4.412475600838661194e-02
-2.624487504363059998e-02
6.777252256870269775e-02
-5.717377066612243652e-01
-5.617115497589111328e-01
1.181249320507049561e-01
6.027153227478265762e-03
5.126044619828462601e-03
2.716358006000518799e-02
9.551193565130233765e-02
1.204204410314559937e-01
1.329204291105270386e-01
-2.650757320225238800e-02
-1.658541336655616760e-02
3.021560795605182648e-02
9.695085696876049042e-03
-6.506736278533935547e-01
-5.175188416615128517e-04
-2.363048493862152100e-01
6.955120712518692017e-03
-2.397682331502437592e-02
8.299648016691207886e-02
-5.411541555076837540e-03
