-3.405143022537231445e-01
-8.421184420585632324e-01
1.266627162694931030e-01
-2.775035202503204346e-01
9.072517277672886848e-04
6.157142575830221176e-03
-2.096019089221954346e-01
-4.651679098606109619e-02
-4.715040326118469238e-02
4.134892299771308899e-02
-3.189170062541961670e-01
7.960739731788635254e-02
1.902188807725906372e-01
4.972020536661148071e-02
3.586383163928985596e-01
8.780290931463241577e-02
6.503642350435256958e-02
-1.155673153698444366e-02
-1.918344991281628609e-03
4.149261489510536194e-02
-3.431737422943115234e-01
-3.362155556678771973e-01
7.160484194755554199e-01
-4.685061275959014893e-01
1.200669556856155396e-01
-2.461676597595214844e-01
-1.742724562063813210e-03
-8.805317804217338562e-03
7.793782651424407959e-02
-2.088014036417007446e-01
9.911624342203140259e-02
4.760874807834625244e-02
2.669593552127480507e-03
-2.639873921871185303e-01
2.600107789039611816e-01
-3.110506199300289154e-02
1.837169378995895386e-01
4.716963469982147217e-01
-1.428259611129760742e-01
3.053030744194984436e-02
-1.995092630386352539e-01
-3.093384020030498505e-02
3.003895580768585205e-01
-6.544841453433036804e-03
-4.700672999024391174e-02
3.739649057388305664e-02
-3.923588097095489502e-01
1.894418336451053619e-02
5.761954188346862793e-01
1.825579702854156494e-01
1.023173481225967407e-01
-5.878542363643646240e-02
-3.156200945377349854e-01
-1.787365525960922241e-01
-3.402093052864074707e-02
-4.103446304798126221e-01
1.199935600161552429e-01
4.733848199248313904e-02
-1.694636419415473938e-03
-3.014942109584808350e-01
1.161418259143829346e-01
7.869001477956771851e-02
9.370362013578414917e-02
-2.331967055797576904e-01
-2.667293138802051544e-02
1.076540797948837280e-01
6.176337599754333496e-02
-2.072702348232269287e-01
1.154852733016014099e-01
1.027890965342521667e-01
-2.773234546184539795e-01
8.513876795768737793e-02
7.398274540901184082e-02
-4.072633981704711914e-01
-2.771990895271301270e-01
-3.258912861347198486e-01
-2.865745425224304199e-01
6.846947968006134033e-02
9.757518768310546875e-02
1.273361593484878540e-01
5.282533168792724609e-02
-4.830726608633995056e-02
-2.876815386116504669e-03
1.940271407365798950e-01
-3.054476380348205566e-01
-2.147264927625656128e-01
2.642033062875270844e-02
-1.340290158987045288e-01
-5.704787326976656914e-04
1.034800559282302856e-01
-2.383390516042709351e-01
6.039553787559270859e-03
3.445852920413017273e-02
9.574441611766815186e-02
5.986079201102256775e-02
-4.949508011341094971e-01
4.886907935142517090e-01
1.927568912506103516e-01
1.006162166595458984e-01
8.973799645900726318e-02
