9.261949360370635986e-02
6.481483578681945801e-02
8.732569217681884766e-02
-2.282897708937525749e-03
-1.746497489511966705e-02
1.128013953566551208e-01
-6.471796333789825439e-02
6.673295050859451294e-02
-1.673656143248081207e-02
-2.522726729512214661e-02
1.078849751502275467e-02
2.895626723766326904e-01
4.998468607664108276e-02
3.066916577517986298e-02
-6.080053001642227173e-02
1.509388387203216553e-01
7.242507487535476685e-02
-8.661306463181972504e-03
-3.319930732250213623e-01
-4.188536107540130615e-02
2.919605746865272522e-02
4.517146851867437363e-03
-5.684806499630212784e-03
-3.510317951440811157e-02
7.143604010343551636e-02
1.396479010581970215e-01
4.682073742151260376e-02
2.340898104012012482e-02
-2.439633309841156006e-01
4.421117249876260757e-03
5.345975980162620544e-02
-1.648246645927429199e-01
-1.930516064167022705e-01
-2.419158443808555603e-02
-2.110259979963302612e-01
-1.330460142344236374e-02
3.984710574150085449e-02
-2.153238505125045776e-01
5.632631480693817139e-02
-1.551056504249572754e-01
-3.657026961445808411e-02
7.889249175786972046e-02
1.209766194224357605e-01
2.757617272436618805e-02
-2.315206080675125122e-01
-2.131231725215911865e-01
7.392518967390060425e-02
8.028203248977661133e-02
-1.308875083923339844e-01
-2.666436135768890381e-02
-7.623472064733505249e-02
4.025036469101905823e-02
8.550623804330825806e-02
8.464631438255310059e-02
6.078939139842987061e-02
8.455681800842285156e-02
2.361136302351951599e-02
8.056776225566864014e-02
5.033077597618103027e-01
8.070722222328186035e-02
1.732049696147441864e-02
-3.022071123123168945e-01
5.275946259498596191e-01
-7.314772903919219971e-02
7.028616964817047119e-02
-4.713957309722900391e-01
1.256171107292175293e+00
-2.258268930017948151e-02
-4.765951633453369141e-01
-2.920493297278881073e-02
1.076801344752311707e-01
-1.425019055604934692e-01
1.647815667092800140e-02
-7.999731600284576416e-02
-6.504308432340621948e-02
9.892286034300923347e-04
3.015712201595306396e-01
1.084594652056694031e-01
1.461781561374664307e-02
-1.616398431360721588e-02
-3.041941523551940918e-01
1.378058791160583496e-01
-6.905618309974670410e-02
-8.088438212871551514e-02
2.795918583869934082e-01
9.505518525838851929e-02
-3.043617010116577148e-01
-2.112789750099182129e-01
3.545788303017616272e-02
3.184702247381210327e-02
7.491307705640792847e-02
3.199419705197215080e-03
1.107090488076210022e-01
-2.554297149181365967e-01
-1.625991165637969971e-01
-2.774080820381641388e-02
-4.606350064277648926e-01
-2.250954136252403259e-02
7.778083533048629761e-02
-4.246645048260688782e-02
