-4.000451415777206421e-02
-1.619667857885360718e-01
-3.742445632815361023e-02
-2.744169235229492188e-01
9.983810037374496460e-02
4.712174087762832642e-02
1.652799844741821289e-01
-9.155057370662689209e-02
-4.593835398554801941e-02
1.487410962581634521e-01
-3.888085857033729553e-02
-8.751884847879409790e-02
-8.051947504281997681e-02
3.925311937928199768e-02
4.605980589985847473e-02
-1.454455405473709106e-01
1.860626190900802612e-01
7.279823068529367447e-03
-6.710144877433776855e-02
-1.572052366100251675e-03
5.933384411036968231e-03
-2.726846337318420410e-01
-3.172877058386802673e-02
-1.643787920475006104e-01
1.231256127357482910e-01
1.545610278844833374e-01
1.806443184614181519e-02
2.966710329055786133e-01
5.926164984703063965e-02
-3.773357570171356201e-01
6.206715106964111328e-02
1.905590742826461792e-01
-3.182210028171539307e-02
-8.559373766183853149e-02
1.058793067932128906e-01
5.897042155265808105e-02
7.112379372119903564e-02
-1.890747547149658203e-01
1.471243351697921753e-01
-1.000378876924514771e-01
6.706687062978744507e-02
1.723163723945617676e-01
2.068737000226974487e-01
1.986400783061981201e-02
2.111055701971054077e-02
1.989362090826034546e-01
8.865940570831298828e-02
-6.324785202741622925e-02
-2.697419002652168274e-02
2.584078907966613770e-01
2.250749766826629639e-01
2.415955215692520142e-01
-1.379997730255126953e-01
-9.376169182360172272e-03
2.266638278961181641e-01
7.111705839633941650e-02
1.230520382523536682e-01
1.972194164991378784e-01
7.618353515863418579e-02
-6.201782077550888062e-02
4.141844809055328369e-02
7.885868102312088013e-02
8.561512082815170288e-02
1.004796773195266724e-01
-1.619286835193634033e-01
5.750761926174163818e-02
1.549149025231599808e-02
6.457706540822982788e-02
-1.528200656175613403e-01
-8.188638091087341309e-02
8.029377460479736328e-02
1.797726377844810486e-03
1.728222966194152832e-01
-7.220726460218429565e-02
2.387666329741477966e-02
-1.321621090173721313e-01
1.101017445325851440e-01
-4.258644301444292068e-03
2.056156285107135773e-02
1.765798628330230713e-01
-1.188839450478553772e-01
1.140865385532379150e-01
-1.346460171043872833e-02
1.256109029054641724e-01
4.676229879260063171e-02
1.141684353351593018e-01
-4.884640872478485107e-01
1.860616058111190796e-01
9.283080697059631348e-02
-8.479523658752441406e-02
-2.952649258077144623e-02
5.137828737497329712e-02
1.141685172915458679e-01
1.853148825466632843e-02
-5.856356397271156311e-02
-1.460994780063629150e-01
1.041853055357933044e-02
1.009701266884803772e-01
1.521650701761245728e-01
-1.277671009302139282e-01
