1.405680477619171143e-01
2.543517947196960449e-01
-1.041503995656967163e-01
-8.423642814159393311e-02
3.098248839378356934e-01
-6.523590534925460815e-02
2.564575672149658203e-01
-4.862187802791595459e-01
-7.365570962429046631e-02
1.563442796468734741e-01
-7.948887348175048828e-02
1.125276014208793640e-01
2.245886623859405518e-01
-1.411603987216949463e-01
2.154113724827766418e-02
2.317581176757812500e-01
-1.187794208526611328e-01
3.158266842365264893e-01
-5.096477270126342773e-02
3.968811780214309692e-02
-4.548494517803192139e-02
-2.672318518161773682e-01
-1.216351687908172607e-01
-1.649418920278549194e-01
1.955964565277099609e-01
-2.147458493709564209e-02
1.505864709615707397e-01
2.609853446483612061e-01
2.379814386367797852e-01
-9.543148800730705261e-03
6.622766703367233276e-02
2.183545678853988647e-01
-2.362523823976516724e-01
3.064011335372924805e-01
-2.931119203567504883e-01
8.063385635614395142e-02
-1.393735259771347046e-01
1.095867250114679337e-02
-4.564604535698890686e-02
3.504822850227355957e-01
-8.446949720382690430e-02
2.977752685546875000e-01
-1.684626042842864990e-01
-2.351505756378173828e-01
3.108864277601242065e-02
-6.510690599679946899e-02
3.517124354839324951e-01
2.195652574300765991e-01
4.086087346076965332e-01
3.540229201316833496e-01
-4.545672331005334854e-03
-1.420475393533706665e-01
2.531809210777282715e-01
3.773603141307830811e-01
3.054441511631011963e-01
-1.048893257975578308e-01
1.885008625686168671e-02
3.120511770248413086e-01
-7.981370389461517334e-02
-1.064247041940689087e-01
1.043668240308761597e-01
-1.901880055665969849e-01
2.178635150194168091e-01
8.430454134941101074e-02
2.963563501834869385e-01
3.087623417377471924e-01
2.031764984130859375e-01
-8.282335102558135986e-02
-4.018949270248413086e-01
1.962112635374069214e-01
-3.800145387649536133e-01
-5.136850476264953613e-02
2.000345438718795776e-01
3.308661282062530518e-01
3.425023853778839111e-01
1.760043017566204071e-02
2.472326606512069702e-01
2.572442293167114258e-01
-1.255436539649963379e-01
9.697547182440757751e-03
-7.900701463222503662e-02
1.736770421266555786e-01
1.018795464187860489e-02
3.218877613544464111e-01
1.872873455286026001e-01
3.705245256423950195e-01
3.057959377765655518e-01
4.609149321913719177e-02
1.448476314544677734e-01
-1.698012836277484894e-02
-4.792955145239830017e-02
2.886736690998077393e-01
-4.821884632110595703e-02
2.052340209484100342e-01
-3.252305462956428528e-02
-9.759752452373504639e-02
-7.390149682760238647e-02
1.550282388925552368e-01
3.400165140628814697e-01
1.785399168729782104e-01
