1.160814240574836731e-01
3.748930618166923523e-02
-2.220423705875873566e-02
-1.056640222668647766e-02
9.755844622850418091e-02
-3.721857964992523193e-01
1.194742880761623383e-02
-8.085498213768005371e-01
-2.511964365839958191e-02
1.202806755900382996e-01
-3.983063995838165283e-02
1.133656501770019531e-01
3.324060514569282532e-02
-5.270266160368919373e-02
-4.022437334060668945e-02
5.159502476453781128e-02
-6.805208325386047363e-02
9.414830803871154785e-02
4.537494778633117676e-01
-6.548643708229064941e-01
-1.643791235983371735e-02
-3.573853671550750732e-01
-3.387111425399780273e-01
-2.470604926347732544e-01
-6.956110894680023193e-02
4.799054935574531555e-03
2.434013783931732178e-02
1.234263256192207336e-01
6.373997777700424194e-03
-1.455802097916603088e-02
2.104104310274124146e-01
4.907090682536363602e-03
-2.769731879234313965e-01
8.895653486251831055e-02
-2.974075078964233398e-01
4.522457420825958252e-01
5.219965055584907532e-02
-2.757149636745452881e-01
7.009316235780715942e-02
1.055308729410171509e-01
1.870024949312210083e-01
1.329745650291442871e-01
-4.240993857383728027e-01
-1.897566169500350952e-01
-1.435304642654955387e-03
-2.957811579108238220e-02
1.286761015653610229e-01
1.549391727894544601e-02
2.903351783752441406e-01
1.114139258861541748e-01
-1.215173397213220596e-03
5.481581687927246094e-01
1.125992015004158020e-01
1.484621167182922363e-01
7.798278331756591797e-02
-7.878269255161285400e-02
-3.464222699403762817e-02
1.853500492870807648e-02
2.215417101979255676e-02
8.939526230096817017e-02
-1.001757010817527771e-01
-2.570621073246002197e-01
6.538369506597518921e-02
-6.254871189594268799e-02
6.918910145759582520e-02
1.232571303844451904e-01
9.123419225215911865e-02
-2.443505823612213135e-02
-5.160828828811645508e-01
1.893013529479503632e-02
-3.796839416027069092e-01
-3.636891394853591919e-02
2.701811492443084717e-02
2.950359508395195007e-02
6.635015457868576050e-02
9.787920862436294556e-03
7.091764360666275024e-02
1.225837916135787964e-01
6.378951668739318848e-01
1.848418451845645905e-02
-2.620653994381427765e-02
1.262863725423812866e-01
-6.386026740074157715e-02
6.015321984887123108e-02
7.223099470138549805e-02
1.418458223342895508e-01
8.877274394035339355e-02
1.503131091594696045e-01
1.187633909285068512e-02
-3.478975966572761536e-02
-1.456733494997024536e-01
1.679180562496185303e-02
-4.674668237566947937e-02
5.159265175461769104e-02
-4.331146180629730225e-02
-2.816945612430572510e-01
-2.725392580032348633e-01
-6.811694242060184479e-03
1.425757855176925659e-01
8.918787539005279541e-02
