1.347594056278467178e-02
1.068511679768562317e-01
1.585794836282730103e-01
6.450854986906051636e-02
-2.470760792493820190e-02
8.814059942960739136e-02
7.501941919326782227e-02
3.087454438209533691e-01
9.581945836544036865e-02
-1.279658079147338867e-01
2.439526617527008057e-01
4.783348366618156433e-02
1.646460890769958496e-01
1.218004524707794189e-01
2.181469351053237915e-01
8.363519608974456787e-02
2.704062163829803467e-01
-6.734061986207962036e-02
-2.460658401250839233e-01
-2.367623597383499146e-01
3.269036710262298584e-01
1.131946220993995667e-02
-1.142733842134475708e-01
4.777116701006889343e-02
2.599057853221893311e-01
5.285967141389846802e-02
2.497466057538986206e-01
-5.107861012220382690e-02
1.118384376168251038e-01
5.720076337456703186e-02
1.999305784702301025e-01
-4.968573153018951416e-02
2.298000305891036987e-01
4.156008362770080566e-02
-5.109122022986412048e-03
1.301517803221940994e-02
8.680059015750885010e-02
2.036420255899429321e-02
2.384599298238754272e-02
-1.270038038492202759e-01
8.400025963783264160e-02
1.116697043180465698e-01
3.660479933023452759e-02
-2.245184592902660370e-02
-9.428484737873077393e-02
6.256350874900817871e-02
1.681589782238006592e-01
8.862838149070739746e-02
2.644787430763244629e-01
-6.524121761322021484e-02
2.423883527517318726e-01
-4.365942627191543579e-02
2.957642972469329834e-01
3.494825065135955811e-01
-6.315166503190994263e-02
2.912243306636810303e-01
-3.114957548677921295e-02
1.241130828857421875e-01
1.242778077721595764e-01
1.299653947353363037e-01
2.674075067043304443e-01
-8.741979300975799561e-02
-2.436577342450618744e-03
3.123361766338348389e-01
3.084826981648802757e-03
1.185485944151878357e-01
-5.967928841710090637e-02
-2.054132968187332153e-01
4.852971434593200684e-02
1.279267519712448120e-01
-7.692201435565948486e-02
2.464193105697631836e-01
1.745026111602783203e-01
2.762473523616790771e-01
2.788600623607635498e-01
-1.193316653370857239e-01
-3.981507569551467896e-02
-7.572637498378753662e-02
8.496226370334625244e-02
1.816412657499313354e-01
-1.143164117820560932e-03
1.199218481779098511e-01
2.645206078886985779e-02
2.432379638776183128e-03
3.165487945079803467e-01
2.512800097465515137e-01
1.258940845727920532e-01
2.547225654125213623e-01
-2.402319386601448059e-02
1.643180996179580688e-01
-3.638229519128799438e-02
3.337928652763366699e-02
-1.115497872233390808e-01
2.541992068290710449e-01
-3.349517583847045898e-01
1.875408291816711426e-01
8.841574192047119141e-02
-8.105776272714138031e-03
7.676137238740921021e-02
-2.081453800201416016e-03
