-3.597760200500488281e-02
-3.313551470637321472e-02
1.461202919017523527e-05
-6.094205379486083984e-01
-1.932595856487751007e-02
-1.214109128341078758e-03
3.677500411868095398e-02
-4.297415167093276978e-02
3.799686208367347717e-02
1.023018732666969299e-01
8.047612756490707397e-02
-1.596493460237979889e-02
-5.734499916434288025e-02
9.587437659502029419e-02
4.131928831338882446e-02
-5.069365724921226501e-04
1.587392836809158325e-01
-6.207738518714904785e-01
-4.103705659508705139e-02
-8.042207360267639160e-02
8.980277925729751587e-02
-8.470620959997177124e-03
1.069184914231300354e-01
1.460795011371374130e-02
6.694149225950241089e-02
1.039325222373008728e-01
3.243928309530019760e-03
-6.530203819274902344e-01
-4.252298548817634583e-02
-3.484124690294265747e-02
7.326008379459381104e-02
-1.701837778091430664e-02
-4.733318090438842773e-02
6.838759034872055054e-02
-9.935507550835609436e-04
2.155198343098163605e-02
-8.250188082456588745e-02
2.414636686444282532e-02
-4.995100665837526321e-03
1.038396656513214111e-01
1.452942192554473877e-01
1.152188181877136230e-01
1.146998256444931030e-02
4.052801802754402161e-02
1.334286928176879883e-01
9.203725494444370270e-03
-1.488389819860458374e-02
6.256032735109329224e-02
4.576423205435276031e-03
1.508915331214666367e-02
8.166555315256118774e-02
7.201308012008666992e-02
3.065931797027587891e-02
2.339473227038979530e-03
-2.452389895915985107e-02
4.777096211910247803e-01
-5.830980837345123291e-02
6.886055320501327515e-02
1.024190615862607956e-02
1.563244313001632690e-02
-3.986388817429542542e-02
-1.666332036256790161e-01
-2.696042880415916443e-02
3.085181489586830139e-02
4.895821958780288696e-02
1.208886802196502686e-01
-2.891405299305915833e-02
-3.249014914035797119e-02
-2.080641128122806549e-02
7.255924493074417114e-02
1.700955908745527267e-03
2.874634042382240295e-02
1.934631913900375366e-02
-5.150197073817253113e-02
1.320530623197555542e-01
-4.232112318277359009e-02
1.133791282773017883e-01
1.463697850704193115e-01
-5.257209390401840210e-02
-3.879256919026374817e-02
8.154194802045822144e-02
8.133430778980255127e-02
4.075142741203308105e-02
-4.282774031162261963e-02
-1.751227118074893951e-02
-4.411565884947776794e-02
9.117121994495391846e-02
-5.087459459900856018e-02
2.687737159430980682e-02
-4.258062690496444702e-02
-8.202681690454483032e-02
-5.300819501280784607e-02
-4.764105752110481262e-02
6.478444486856460571e-02
2.192241325974464417e-02
1.763384975492954254e-02
-2.217123657464981079e-02
-1.090631540864706039e-02
9.080832242034375668e-04
7.281464338302612305e-02
