-3.077210187911987305e-01
-1.355302631855010986e-01
-7.243300229310989380e-02
3.152389228343963623e-01
8.881866931915283203e-02
-3.020131774246692657e-02
2.901343405246734619e-01
-2.011120133101940155e-02
-3.700852021574974060e-02
-2.202527597546577454e-02
-1.365433931350708008e-01
1.768151968717575073e-01
-8.378354460000991821e-02
-6.343030184507369995e-02
2.921933531761169434e-01
2.109635472297668457e-01
-1.724041998386383057e-01
-1.125523224472999573e-01
-1.098013073205947876e-01
-2.618433535099029541e-01
-1.294438838958740234e-01
3.740836083889007568e-01
2.071689814329147339e-01
-3.943112492561340332e-01
-2.168433219194412231e-01
-5.432943254709243774e-02
-5.562249422073364258e-01
-8.218840509653091431e-02
3.650210201740264893e-01
-3.011714853346347809e-02
-3.651948869228363037e-01
-5.857682973146438599e-02
-1.132520213723182678e-01
2.467195391654968262e-01
-4.954294860363006592e-02
2.845115065574645996e-01
-1.382601857185363770e-01
3.533545732498168945e-01
-1.546976566314697266e-01
1.485071494244039059e-03
-1.071352064609527588e-01
-8.043019473552703857e-02
-1.184023395180702209e-01
2.732288241386413574e-01
-1.495595127344131470e-01
2.950373478233814240e-02
-1.220319122076034546e-01
-1.718859374523162842e-01
2.971969246864318848e-01
2.954013049602508545e-01
-5.640563741326332092e-02
-1.221046075224876404e-01
-2.011123597621917725e-01
6.512869894504547119e-02
6.718517281115055084e-03
-1.380103379487991333e-01
-3.317717462778091431e-02
1.116431690752506256e-02
-8.104382455348968506e-02
2.329930216073989868e-01
-7.854307442903518677e-02
3.535840511322021484e-01
-8.672244101762771606e-02
-1.527753323316574097e-01
-3.304632604122161865e-01
-1.790721416473388672e-01
-6.973477452993392944e-02
1.952167302370071411e-01
1.905969828367233276e-01
-6.160553917288780212e-02
3.547984957695007324e-01
3.220300376415252686e-01
2.500763162970542908e-03
-7.703016698360443115e-02
-4.898780211806297302e-02
-5.463652685284614563e-02
8.865389972925186157e-03
4.630741477012634277e-02
-1.043526828289031982e-02
-1.465168148279190063e-01
-1.120566874742507935e-01
-6.387261301279067993e-02
3.590362071990966797e-01
-9.237180650234222412e-02
2.920756638050079346e-01
2.277491092681884766e-01
3.424690663814544678e-01
3.002679944038391113e-01
-2.004233896732330322e-01
-1.421485245227813721e-01
-9.923954308032989502e-02
-2.245459333062171936e-02
3.161536455154418945e-01
-9.700106829404830933e-02
3.440626561641693115e-01
2.951902747154235840e-01
-7.678770273923873901e-02
-3.309925645589828491e-02
2.896295487880706787e-01
-1.030377075076103210e-01
