9.052640199661254883e-02
1.036256700754165649e-01
2.470034174621105194e-02
6.346146762371063232e-02
1.235922127962112427e-01
-4.381833598017692566e-02
1.165221631526947021e-01
1.115998402237892151e-01
1.545510590076446533e-01
-9.230712428689002991e-03
1.922860294580459595e-01
-6.708890199661254883e-02
3.542204573750495911e-02
3.552414849400520325e-02
1.058012023568153381e-01
1.645594090223312378e-01
-1.085683181881904602e-01
-7.290161401033401489e-02
3.493599593639373779e-02
1.678729355335235596e-01
2.191518396139144897e-01
-7.932382635772228241e-03
1.525429785251617432e-01
-1.701938211917877197e-01
1.624470502138137817e-01
1.091377064585685730e-01
1.378710120916366577e-01
7.922047376632690430e-02
8.060853928327560425e-02
1.010531857609748840e-01
9.452962130308151245e-02
2.603861391544342041e-01
1.266723275184631348e-01
-8.173812180757522583e-02
-4.145619273185729980e-02
-1.108807325363159180e-01
3.079474568367004395e-01
3.742976486682891846e-02
6.126352027058601379e-02
-1.487261150032281876e-02
-2.208682522177696228e-02
1.702083498239517212e-01
2.448925562202930450e-02
2.003899365663528442e-01
1.486814208328723907e-02
-1.201439946889877319e-01
9.182199090719223022e-02
-2.170431613922119141e-02
1.175097599625587463e-01
9.094770997762680054e-03
4.494358599185943604e-02
-2.400921285152435303e-02
-1.376012898981571198e-02
1.187979876995086670e-01
-1.301633473485708237e-02
7.002393901348114014e-02
3.186487853527069092e-01
-3.276084363460540771e-02
1.345068663358688354e-01
6.492184102535247803e-02
2.058336324989795685e-02
1.218004599213600159e-01
-4.748057574033737183e-02
1.690203547477722168e-01
9.483498334884643555e-02
4.136522859334945679e-02
7.641122490167617798e-02
-1.073571015149354935e-02
2.537334337830543518e-03
2.797578871250152588e-01
-1.666475087404251099e-03
9.037217497825622559e-02
4.010171443223953247e-02
-4.330509901046752930e-02
-2.635071799159049988e-02
-4.775055497884750366e-02
-8.088521659374237061e-02
-6.440269201993942261e-02
-1.303426921367645264e-01
2.883673608303070068e-01
-6.457336992025375366e-02
2.055238038301467896e-01
1.734005659818649292e-01
2.199224941432476044e-02
-3.532962501049041748e-02
8.298946917057037354e-02
3.136174082756042480e-01
-4.314728826284408569e-02
3.862101957201957703e-02
1.679518073797225952e-01
-1.485420316457748413e-01
-1.440044678747653961e-02
-7.833635061979293823e-02
-2.168555557727813721e-02
2.836114764213562012e-01
1.873040199279785156e-01
1.890768297016620636e-02
2.595289051532745361e-01
-1.970692537724971771e-02
-4.864369332790374756e-02
