-6.122027710080146790e-02
-3.261191844940185547e-01
-7.866621762514114380e-02
4.522138833999633789e-02
1.705331727862358093e-02
2.849364466965198517e-02
1.277402937412261963e-01
1.707555800676345825e-01
3.047985732555389404e-01
2.754666507244110107e-01
2.810688614845275879e-01
-1.134193986654281616e-01
3.208335041999816895e-01
3.349957168102264404e-01
-2.887726575136184692e-02
3.917967677116394043e-01
-2.160872705280780792e-02
-5.425914004445075989e-02
-8.279196918010711670e-02
-8.623488992452621460e-02
3.043603301048278809e-01
3.061536848545074463e-01
2.867498099803924561e-01
-1.548025384545326233e-02
-1.067745909094810486e-01
2.565321326255798340e-01
2.370496839284896851e-01
-2.240315079689025879e-01
-9.675960242748260498e-02
3.875338286161422729e-02
-1.148192495747935027e-05
2.732646167278289795e-01
4.021295905113220215e-01
-1.283170729875564575e-01
3.436480164527893066e-01
-1.131978929042816162e-01
-1.003502905368804932e-01
-6.075652688741683960e-02
4.461382515728473663e-03
2.614804506301879883e-01
3.754218667745590210e-02
-9.351576119661331177e-02
-1.228120774030685425e-01
-7.248248159885406494e-02
-4.891985096037387848e-03
-8.440213650465011597e-02
-9.781430661678314209e-02
3.859822750091552734e-01
3.049733638763427734e-01
3.114722371101379395e-01
4.664183408021926880e-02
-5.439016222953796387e-02
-7.901177555322647095e-02
3.557316958904266357e-01
3.803949654102325439e-01
5.367352813482284546e-02
2.808335125446319580e-01
1.943017542362213135e-01
-2.701791562139987946e-02
-1.066614240407943726e-01
3.603875637054443359e-01
3.821143209934234619e-01
3.563673198223114014e-01
-5.829015001654624939e-02
-1.172910779714584351e-01
3.862965703010559082e-01
2.879240512847900391e-01
3.891025781631469727e-01
-1.426145620644092560e-02
-5.793689563870429993e-02
3.570961952209472656e-01
3.782097995281219482e-01
-6.709197908639907837e-02
-1.537553966045379639e-01
3.395940959453582764e-01
3.058296442031860352e-01
2.822668552398681641e-01
1.308992505073547363e-01
-2.129144966602325439e-02
3.942595124244689941e-01
3.511152863502502441e-01
-5.609470605850219727e-02
2.723246812820434570e-01
-1.956246942281723022e-01
-3.446467220783233643e-02
-3.018196672201156616e-02
-3.566049635410308838e-01
3.520704209804534912e-01
-8.245992660522460938e-02
-1.519806087017059326e-01
-5.517952144145965576e-02
-4.579919576644897461e-02
-9.685817360877990723e-02
2.991475760936737061e-01
2.942821085453033447e-01
1.705912128090858459e-02
3.205419480800628662e-01
4.088139533996582031e-01
-9.926110506057739258e-02
-6.573493778705596924e-02
