3.000887483358383179e-02
-7.230079770088195801e-01
-5.029143393039703369e-02
6.909486837685108185e-03
4.102517962455749512e-01
8.637628518044948578e-03
-1.190676093101501465e-01
1.579249203205108643e-01
5.315380170941352844e-02
3.808562457561492920e-02
8.916552364826202393e-02
1.158888731151819229e-02
9.527161717414855957e-02
1.252356320619583130e-01
-4.946934431791305542e-02
7.683306187391281128e-02
-9.656654298305511475e-02
-2.482642186805605888e-03
-3.066522814333438873e-02
9.021786972880363464e-03
2.174955792725086212e-02
7.653205841779708862e-02
8.227112889289855957e-02
-3.954244032502174377e-02
-1.638640090823173523e-02
1.557026617228984833e-02
7.255628705024719238e-02
-2.571841180324554443e-01
5.382488295435905457e-02
1.043470669537782669e-02
1.625910750590264797e-03
9.599464386701583862e-02
1.309755146503448486e-01
-4.667292814701795578e-03
1.005749478936195374e-01
5.429023504257202148e-02
-6.939245015382766724e-02
-1.166878547519445419e-02
-2.913690917193889618e-02
6.415838003158569336e-02
2.101943269371986389e-02
9.500424377620220184e-03
1.186313200742006302e-02
-1.448214519768953323e-02
7.629951927810907364e-03
-8.227482438087463379e-02
-2.533035911619663239e-02
9.609834104776382446e-02
1.507465690374374390e-01
4.504922032356262207e-02
-2.459597587585449219e-02
8.944938308559358120e-04
8.387271314859390259e-03
5.903913825750350952e-02
1.072942614555358887e-01
-4.710847884416580200e-02
1.213850900530815125e-01
1.389693617820739746e-01
-1.617681980133056641e-02
1.071627903729677200e-02
8.874487876892089844e-02
6.727946549654006958e-02
1.210812777280807495e-01
3.146115690469741821e-02
-3.461933881044387817e-02
8.612209558486938477e-02
4.393079131841659546e-02
9.162935614585876465e-02
-4.842437803745269775e-02
2.360814437270164490e-02
1.040936633944511414e-01
1.022125110030174255e-01
-1.138351950794458389e-02
-4.716535210609436035e-01
1.322508007287979126e-01
1.303349286317825317e-01
1.116354763507843018e-01
-8.794734627008438110e-02
2.847111970186233521e-02
1.126100942492485046e-01
1.302821785211563110e-01
8.219162374734878540e-02
3.653648123145103455e-02
-3.361688554286956787e-01
-5.445555970072746277e-02
4.071605857461690903e-03
-3.603264689445495605e-01
8.536430448293685913e-02
-3.886373713612556458e-02
2.289723046123981476e-02
-2.064295858144760132e-02
-5.890115723013877869e-02
5.367651954293251038e-02
9.216369688510894775e-02
8.439454436302185059e-02
-3.875034302473068237e-02
8.062531054019927979e-02
1.461331695318222046e-01
1.229634042829275131e-02
-5.955376476049423218e-02
