2.055424898862838745e-01
-3.948240354657173157e-02
-3.398116677999496460e-02
1.153010055422782898e-01
2.483655363321304321e-01
6.366892158985137939e-02
2.442595064640045166e-01
-9.393760561943054199e-02
3.365651071071624756e-01
-2.153518982231616974e-02
-3.459008876234292984e-03
-2.010038644075393677e-01
1.907377243041992188e-01
1.857208907604217529e-01
1.970727741718292236e-01
1.012030467391014099e-01
9.741529077291488647e-02
4.726861789822578430e-02
1.605201512575149536e-01
4.575437307357788086e-02
1.192886196076869965e-02
2.884675264358520508e-01
3.911125659942626953e-02
-4.256669431924819946e-02
1.747670918703079224e-01
-9.900396689772605896e-03
-3.758345916867256165e-02
5.617211014032363892e-02
1.335612684488296509e-01
1.306995302438735962e-01
6.111031770706176758e-02
2.270254492759704590e-02
2.663688659667968750e-01
1.609106659889221191e-01
3.071865737438201904e-01
4.685041308403015137e-02
1.210112869739532471e-01
1.162671968340873718e-01
1.138354465365409851e-01
-7.043818384408950806e-02
5.386939644813537598e-02
6.992658227682113647e-02
3.106467723846435547e-01
-1.727110520005226135e-02
1.672206819057464600e-02
1.583403944969177246e-01
4.733257740736007690e-02
5.164384841918945312e-02
5.167971365153789520e-03
-3.185698064044117928e-03
1.925830096006393433e-01
1.055010259151458740e-01
-5.142457038164138794e-02
8.992980420589447021e-02
1.996892094612121582e-01
1.488657593727111816e-01
-3.756973147392272949e-02
7.859390974044799805e-02
-3.845960274338722229e-02
2.224737405776977539e-01
-7.218123227357864380e-02
5.063958093523979187e-02
2.118461877107620239e-01
7.594478875398635864e-02
2.966600656509399414e-01
1.297572255134582520e-01
2.502663135528564453e-01
2.059787660837173462e-01
2.891011834144592285e-01
-7.473646849393844604e-02
1.083052158355712891e-01
-5.387033522129058838e-02
-4.286457225680351257e-02
1.304874867200851440e-01
2.782475054264068604e-01
1.977681964635848999e-01
1.939520426094532013e-02
7.510942965745925903e-02
2.050984501838684082e-01
2.673934698104858398e-01
1.598521880805492401e-02
1.322925537824630737e-01
1.968486756086349487e-01
2.046329975128173828e-01
3.087367117404937744e-02
-6.199288740754127502e-02
2.268755733966827393e-01
8.912951499223709106e-02
-1.216110866516828537e-02
-5.594112351536750793e-02
1.198742613196372986e-01
1.689664572477340698e-01
1.419278681278228760e-01
-1.109874993562698364e-02
2.001297473907470703e-01
2.083223909139633179e-01
1.847420930862426758e-01
-4.549198970198631287e-02
-5.577657837420701981e-03
1.747127473354339600e-01
