-4.900565370917320251e-02
-4.592750221490859985e-02
-7.617055438458919525e-03
3.090945780277252197e-01
5.279404670000076294e-02
9.898186475038528442e-02
-3.166208043694496155e-02
-7.059806585311889648e-02
1.985040903091430664e-01
-1.310076098889112473e-02
2.233334630727767944e-01
-1.574549265205860138e-02
3.180814981460571289e-01
3.842869102954864502e-01
-2.586778700351715088e-01
3.539778888225555420e-01
-9.473883360624313354e-02
-6.500505656003952026e-02
4.967733100056648254e-02
3.276150822639465332e-01
2.896423041820526123e-01
-8.236177265644073486e-02
-6.669564545154571533e-02
3.115961551666259766e-01
2.604658901691436768e-01
-9.884204715490341187e-02
7.840081118047237396e-03
-1.131202653050422668e-01
-9.280688315629959106e-02
3.763025999069213867e-02
8.418852090835571289e-02
4.073895514011383057e-01
3.419371321797370911e-02
1.599599570035934448e-01
3.183340281248092651e-02
2.179744839668273926e-02
-3.732040151953697205e-02
2.082757093012332916e-02
3.793119788169860840e-01
2.879717648029327393e-01
-1.076277047395706177e-01
-1.099748257547616959e-02
-4.206392914056777954e-02
4.153307080268859863e-01
4.150464236736297607e-01
-1.894075423479080200e-02
-1.536051649600267410e-02
2.506271898746490479e-01
4.009981155395507812e-01
-1.109042577445507050e-02
-5.808547139167785645e-02
2.648343145847320557e-01
-5.262475833296775818e-02
3.635608032345771790e-02
1.337396055459976196e-01
-7.840234786272048950e-02
2.076299637556076050e-01
3.924040496349334717e-01
-2.190726101398468018e-01
-1.559784710407257080e-01
5.307892709970474243e-02
-6.503708660602569580e-02
3.106823861598968506e-01
-2.852995879948139191e-02
-5.820200219750404358e-02
-1.079260185360908508e-01
-1.222915500402450562e-01
7.981085218489170074e-03
-1.870554536581039429e-01
4.005269110202789307e-01
1.837348341941833496e-01
3.451350629329681396e-01
4.969559982419013977e-02
-6.542018800973892212e-02
3.501449823379516602e-01
-2.803289517760276794e-02
3.575901389122009277e-01
2.597132027149200439e-01
2.446173280477523804e-01
4.211652651429176331e-02
-1.502832472324371338e-01
-6.055827252566814423e-03
3.829632699489593506e-01
-1.506129056215286255e-01
1.885615736246109009e-01
-9.256795048713684082e-02
-5.510153993964195251e-02
-5.459464713931083679e-02
-8.561935275793075562e-02
2.143404781818389893e-01
1.498885336332023144e-03
-1.753931865096092224e-02
-2.639778703451156616e-02
3.120179772377014160e-01
3.558046519756317139e-01
6.762859411537647247e-03
3.790241479873657227e-01
3.441426753997802734e-01
-8.369925618171691895e-02
3.847022354602813721e-01
