-5.541728809475898743e-02
-6.889136135578155518e-02
-1.833099313080310822e-02
9.238454699516296387e-02
-7.478930056095123291e-02
-2.834753505885601044e-02
-1.000562449917197227e-03
-6.823357660323381424e-03
3.343707695603370667e-02
-3.629373013973236084e-02
1.179504618048667908e-01
6.515281740576028824e-03
3.907598927617073059e-02
8.933316171169281006e-02
-1.331808269023895264e-01
5.151327326893806458e-02
-2.492992021143436432e-02
-1.422173678874969482e-01
-8.020032942295074463e-02
1.255404353141784668e-01
8.744493126869201660e-02
2.700685523450374603e-02
5.308958701789379120e-03
6.148282438516616821e-02
6.611995864659547806e-03
9.973526932299137115e-03
-1.038577314466238022e-02
-8.740673214197158813e-02
-1.769173890352249146e-02
-3.554447367787361145e-02
-2.433935552835464478e-02
1.175596341490745544e-01
-2.591371070593595505e-03
3.757989965379238129e-03
-4.467945173382759094e-02
-7.627765089273452759e-02
6.559147499501705170e-03
-6.272017955780029297e-02
1.066183298826217651e-01
5.487746372818946838e-02
-7.120955851860344410e-04
-8.878903463482856750e-03
8.160832338035106659e-03
9.848565608263015747e-02
1.064619943499565125e-01
-2.658932702615857124e-03
-5.068711936473846436e-02
5.539283156394958496e-02
8.634719252586364746e-02
-3.698468906804919243e-03
-6.055417936295270920e-03
3.655415400862693787e-02
-6.610610336065292358e-02
-2.267807908356189728e-02
1.271384358406066895e-01
7.117401342839002609e-03
7.365440251305699348e-05
9.693683683872222900e-02
-1.336490809917449951e-01
-5.242584943771362305e-01
-5.910090357065200806e-02
-2.408909844234585762e-03
4.431731700897216797e-01
4.411203786730766296e-03
-3.042428195476531982e-02
-3.505729511380195618e-02
2.436624374240636826e-03
-2.153105335310101509e-03
-3.035868108272552490e-01
7.621071487665176392e-02
1.824321597814559937e-02
1.336881816387176514e-01
-3.893497213721275330e-02
4.760592128150165081e-04
2.528047189116477966e-02
-1.928917691111564636e-02
9.370535612106323242e-02
7.572614401578903198e-02
7.763043791055679321e-02
1.702512800693511963e-01
-2.719101905822753906e-01
-3.650059178471565247e-02
9.769635647535324097e-02
-1.984543055295944214e-01
7.537906616926193237e-02
-4.866919014602899551e-03
-1.795235127210617065e-01
4.621821455657482147e-03
-2.282920060679316521e-03
9.361550211906433105e-03
-4.733581468462944031e-02
1.738121360540390015e-02
-4.008108004927635193e-02
2.917195297777652740e-02
1.135189831256866455e-01
-4.200244438834488392e-04
5.965527147054672241e-02
7.151041179895401001e-02
1.945633813738822937e-02
1.226441636681556702e-01
