-2.758036181330680847e-02
3.783689811825752258e-02
2.343504577875137329e-01
-6.832902133464813232e-02
-9.454106912016868591e-04
-1.797240525484085083e-01
-2.343769073486328125e-01
1.155402362346649170e-01
-1.651667207479476929e-01
4.549952223896980286e-03
2.495842427015304565e-01
-3.102214261889457703e-02
3.499121963977813721e-01
3.275523185729980469e-01
2.503268718719482422e-01
-1.149630323052406311e-01
-1.126434579491615295e-01
3.934637606143951416e-01
9.207598865032196045e-02
-7.440123707056045532e-02
2.264340817928314209e-01
3.176195025444030762e-01
-1.662082597613334656e-02
-1.932901442050933838e-01
3.458787798881530762e-01
-1.120228692889213562e-01
2.505216896533966064e-01
-6.757701933383941650e-02
-1.014193519949913025e-01
1.919594854116439819e-01
-7.417489588260650635e-02
2.979790270328521729e-01
3.117621690034866333e-02
-7.241161167621612549e-02
2.679625153541564941e-01
-2.582325972616672516e-02
-1.089459359645843506e-01
-1.123979762196540833e-01
-6.253618746995925903e-02
3.017714023590087891e-01
-5.289178341627120972e-02
-5.796092748641967773e-02
3.155342638492584229e-01
2.181625217199325562e-01
3.391461372375488281e-01
3.227216303348541260e-01
5.539039894938468933e-02
-6.134526133537292480e-01
3.234321177005767822e-01
2.936756983399391174e-02
1.963649243116378784e-01
1.433441787958145142e-01
1.101310085505247116e-02
3.892106711864471436e-01
5.467204377055168152e-02
-1.344921886920928955e-01
-1.256759166717529297e-01
9.339338866993784904e-04
2.444921880960464478e-01
3.616741597652435303e-01
1.398402173072099686e-02
-9.656004607677459717e-02
-3.687156364321708679e-02
-1.030487343668937683e-01
1.676497608423233032e-01
2.730803377926349640e-02
-5.973810702562332153e-02
3.287397325038909912e-01
2.519556283950805664e-01
3.743077218532562256e-01
2.672761678695678711e-01
3.922954797744750977e-01
3.738033771514892578e-01
3.349915146827697754e-01
-1.836253702640533447e-01
3.817419707775115967e-01
3.133492767810821533e-01
-1.060562208294868469e-01
3.837366998195648193e-01
2.946918010711669922e-01
3.244489729404449463e-01
-1.038582623004913330e-01
3.112163245677947998e-01
-1.417977809906005859e-01
3.393205106258392334e-01
-1.157925352454185486e-01
-1.185504123568534851e-01
2.807113230228424072e-01
2.965867221355438232e-01
-1.222440004348754883e-01
3.100477755069732666e-01
-1.250405162572860718e-01
3.011514842510223389e-01
-4.461437463760375977e-02
-1.068220287561416626e-01
2.419325560331344604e-01
1.858634352684020996e-01
3.891671299934387207e-01
-8.111933618783950806e-02
-2.082725055515766144e-02
