1.062543466687202454e-01
1.819083839654922485e-01
-1.279860734939575195e-01
9.827255271375179291e-04
-1.907260529696941376e-02
4.260347485542297363e-01
-1.057708114385604858e-01
5.157538503408432007e-02
3.680555522441864014e-02
8.298582583665847778e-02
3.707931637763977051e-01
1.706223562359809875e-02
4.095150530338287354e-01
-8.431707322597503662e-02
5.538499355316162109e-01
2.693398296833038330e-01
1.034667864441871643e-01
2.225125730037689209e-01
1.489011943340301514e-01
-1.707401275634765625e-01
2.465916797518730164e-02
8.316884748637676239e-03
-2.822830080986022949e-01
-5.403269827365875244e-02
1.992057412862777710e-01
4.194915294647216797e-01
8.241067081689834595e-02
1.219330877065658569e-01
7.039344403892755508e-03
3.944304585456848145e-02
4.590426385402679443e-02
-4.971748217940330505e-03
2.061435878276824951e-01
-7.991421222686767578e-02
3.287924230098724365e-01
1.080824583768844604e-01
2.971561625599861145e-02
2.082348465919494629e-01
1.834879219532012939e-01
5.448895692825317383e-02
1.813508719205856323e-01
-3.831366077065467834e-03
3.755780756473541260e-01
8.825175464153289795e-02
8.981877006590366364e-03
1.967292428016662598e-01
5.080505833029747009e-02
1.012523099780082703e-01
1.654882133007049561e-01
8.681841939687728882e-02
1.502245105803012848e-02
-1.380397081375122070e-01
8.306214213371276855e-02
5.705699790269136429e-03
2.069825381040573120e-01
2.192945964634418488e-02
4.267909750342369080e-02
-1.528558731079101562e-01
3.649410605430603027e-01
-3.880349919199943542e-02
7.590676099061965942e-02
6.873408798128366470e-03
6.719917058944702148e-02
1.503821015357971191e-01
-1.013259589672088623e-01
3.315176963806152344e-01
1.915183514356613159e-01
-4.217686876654624939e-02
2.163549698889255524e-02
-1.918102800846099854e-01
2.150306478142738342e-02
-1.537346988916397095e-01
2.298453152179718018e-01
3.150053694844245911e-02
1.769883930683135986e-02
-1.726164482533931732e-02
8.522773534059524536e-02
2.663979232311248779e-01
2.667553722858428955e-01
1.907265037298202515e-01
1.243316335603594780e-03
1.334658414125442505e-01
1.042867377400398254e-01
1.772069633007049561e-01
3.349657729268074036e-02
-4.066200181841850281e-02
1.778080761432647705e-01
-2.508165836334228516e-01
-2.235049605369567871e-01
1.476683765649795532e-01
1.539773046970367432e-01
1.433680504560470581e-01
-1.209168732166290283e-01
3.588341549038887024e-02
2.303342521190643311e-02
1.027485448867082596e-02
8.078159391880035400e-02
3.992134034633636475e-01
1.958966627717018127e-02
1.423249095678329468e-01
