9.357231855392456055e-02
-8.308462798595428467e-02
2.013758271932601929e-01
-4.195193648338317871e-01
4.810510575771331787e-02
-7.515353709459304810e-02
-1.240523234009742737e-01
-1.554474327713251114e-02
3.672885596752166748e-01
3.433271050453186035e-01
2.549860775470733643e-01
-1.276741772890090942e-01
-1.007990539073944092e-01
4.137516021728515625e-01
-6.845582276582717896e-02
2.654695883393287659e-02
1.281500905752182007e-01
-1.891225427389144897e-01
2.925484441220760345e-03
4.572999849915504456e-02
3.941020071506500244e-01
2.281695045530796051e-02
2.963107824325561523e-01
-7.249966263771057129e-03
3.740036487579345703e-01
3.724988102912902832e-01
1.863624453544616699e-01
-4.274784028530120850e-01
5.428776517510414124e-02
-1.246821433305740356e-01
3.234105706214904785e-01
-2.161606773734092712e-02
-2.673375711310654879e-04
3.406999111175537109e-01
-1.459840834140777588e-01
2.288758605718612671e-01
-8.756433427333831787e-02
-7.160902768373489380e-02
-6.352759152650833130e-02
3.254973292350769043e-01
3.877669870853424072e-01
3.858499526977539062e-01
2.949300706386566162e-01
3.000001907348632812e-01
2.914610803127288818e-01
-8.469007164239883423e-02
-9.581796079874038696e-02
3.342896103858947754e-01
1.680525541305541992e-01
2.616958618164062500e-01
3.978548645973205566e-01
3.081828355789184570e-01
2.611462473869323730e-01
2.051862478256225586e-01
-4.150965064764022827e-02
1.052163839340209961e-01
6.580866873264312744e-02
3.387947976589202881e-01
4.695595055818557739e-02
2.617603540420532227e-01
8.119459450244903564e-02
1.128928139805793762e-01
1.251537259668111801e-02
3.075405359268188477e-01
2.957056760787963867e-01
3.913857340812683105e-01
-5.065777804702520370e-03
7.503289729356765747e-03
-9.954885393381118774e-02
3.227774798870086670e-01
-3.521297499537467957e-02
-9.084712713956832886e-02
-9.504424780607223511e-02
-2.282868325710296631e-02
3.782244324684143066e-01
-3.392249345779418945e-02
3.386766910552978516e-01
9.750097244977951050e-02
-7.827688939869403839e-03
-8.612848073244094849e-02
2.762611806392669678e-01
3.649621903896331787e-01
2.451394200325012207e-01
4.613468423485755920e-02
-2.634614892303943634e-02
4.967644438147544861e-02
1.812921762466430664e-01
7.354303449392318726e-02
-8.417013287544250488e-02
-9.682210534811019897e-02
-4.773481190204620361e-02
4.809315502643585205e-02
-7.160782814025878906e-02
3.816893696784973145e-01
3.053755760192871094e-01
-2.650687284767627716e-02
5.702541396021842957e-02
-4.659635946154594421e-02
-7.073069922626018524e-03
3.417477309703826904e-01
