-9.559478610754013062e-02
9.811182320117950439e-02
-1.025864034891128540e-01
1.450116652995347977e-02
1.490902304649353027e-01
2.836224138736724854e-01
-1.180238798260688782e-01
7.148879021406173706e-02
2.588034868240356445e-01
5.459692794829607010e-03
2.112701833248138428e-01
1.934926062822341919e-01
5.182181671261787415e-02
1.974624581634998322e-02
-5.147489719092845917e-03
1.874731630086898804e-01
-8.441317826509475708e-02
1.579825729131698608e-01
1.729584634304046631e-01
3.514577150344848633e-01
9.376997500658035278e-02
-9.461711160838603973e-03
-8.411308377981185913e-02
1.519135087728500366e-01
1.121497228741645813e-01
-2.745790183544158936e-01
1.356588900089263916e-01
-1.371241807937622070e-01
4.470776300877332687e-03
-1.537551730871200562e-02
6.610868126153945923e-02
6.027476117014884949e-02
1.189970299601554871e-01
2.222725301980972290e-01
2.005389705300331116e-02
1.723933815956115723e-01
-1.118441596627235413e-01
1.596761941909790039e-01
-1.012261509895324707e-01
9.304898232221603394e-02
1.180063858628273010e-01
-2.212021965533494949e-03
9.839627146720886230e-02
1.444357931613922119e-01
1.634460985660552979e-01
9.938801825046539307e-02
-3.205480054020881653e-03
6.425168365240097046e-02
2.043742388486862183e-01
8.993659913539886475e-02
-2.813510224223136902e-02
2.938330546021461487e-02
-1.244842037558555603e-01
-9.599298983812332153e-02
-6.170526030473411083e-04
-7.836071401834487915e-02
2.373515069484710693e-02
-1.292112171649932861e-01
-2.764680385589599609e-01
1.528448164463043213e-01
-2.074737250804901123e-01
-2.001112699508666992e-01
-2.498980797827243805e-02
1.380487680435180664e-01
1.761482842266559601e-02
1.023615375161170959e-01
-4.053812846541404724e-02
8.403913117945194244e-03
1.598809510469436646e-01
1.380014568567276001e-01
6.814913451671600342e-02
-2.628234215080738068e-02
6.596180051565170288e-02
-3.832046687602996826e-01
9.330403991043567657e-03
9.362881630659103394e-02
1.249098926782608032e-01
1.178512126207351685e-01
2.499661967158317566e-02
8.356425911188125610e-02
1.158678978681564331e-01
1.270830631256103516e-01
-1.087343879044055939e-02
1.125900540500879288e-02
1.208505854010581970e-01
6.647966057062149048e-02
-6.290321797132492065e-02
7.596564292907714844e-02
1.698987931013107300e-01
2.838187813758850098e-01
-1.121521368622779846e-01
3.104968182742595673e-02
1.720567792654037476e-01
-1.229290217161178589e-01
1.869447156786918640e-02
9.613388776779174805e-02
-8.667600154876708984e-02
1.761442869901657104e-01
6.238061934709548950e-02
3.821722418069839478e-02
