8.455741405487060547e-02
2.113378047943115234e-02
-7.540081627666950226e-03
5.446518212556838989e-02
-2.315435409545898438e-01
-6.206253767013549805e-01
6.047948729246854782e-03
2.651683688163757324e-01
7.488825917243957520e-02
4.723995178937911987e-02
7.905945181846618652e-02
-3.955595791339874268e-01
2.448320761322975159e-02
7.565484941005706787e-02
9.598885476589202881e-02
-2.778746187686920166e-01
1.368250995874404907e-01
-3.125470280647277832e-01
7.604389637708663940e-02
8.849623054265975952e-02
5.546195805072784424e-02
-5.561752915382385254e-01
-3.168828040361404419e-02
-2.950966060161590576e-01
6.310757994651794434e-02
4.643186926841735840e-02
5.772997438907623291e-02
7.954533398151397705e-02
1.352058798074722290e-01
-6.726171821355819702e-02
-4.254675284028053284e-02
2.763735353946685791e-01
-5.212464183568954468e-02
1.050791665911674500e-01
8.274880796670913696e-02
-1.659500151872634888e-01
1.093852669000625610e-01
7.237836718559265137e-02
1.038338169455528259e-01
-7.904715836048126221e-02
-3.939673304557800293e-02
1.109540313482284546e-01
3.489972352981567383e-01
-5.111206173896789551e-01
5.798887927085161209e-03
-2.555783689022064209e-01
1.029669344425201416e-01
-1.418063938617706299e-01
-1.681002229452133179e-02
5.503171086311340332e-01
-1.860821037553250790e-03
-3.759868144989013672e-01
2.620178973302245140e-03
8.843528106808662415e-03
-1.205473090521991253e-03
8.366182446479797363e-02
-1.173643767833709717e-02
-2.681729942560195923e-02
3.199911713600158691e-01
-3.999581933021545410e-01
1.326448284089565277e-02
9.187132120132446289e-03
1.899451762437820435e-01
-1.643665432929992676e-01
-2.208952307701110840e-01
8.601787090301513672e-01
2.153356969356536865e-01
1.108523532748222351e-01
5.949799343943595886e-02
2.061229571700096130e-02
-3.568153381347656250e-01
6.457025557756423950e-02
-3.534505963325500488e-01
1.103574633598327637e-01
9.202873706817626953e-02
1.039450801908969879e-02
1.451930776238441467e-02
7.971148937940597534e-02
-3.986670076847076416e-01
6.745855510234832764e-02
-3.795208409428596497e-03
-2.062995880842208862e-01
-6.973141431808471680e-02
2.883020043373107910e-02
2.570419572293758392e-02
-8.134596049785614014e-02
6.857989728450775146e-02
-3.419429659843444824e-01
-5.263525620102882385e-02
-2.358333319425582886e-01
4.626012407243251801e-03
8.621846139430999756e-02
2.109988778829574585e-02
5.517669767141342163e-02
-1.229700911790132523e-02
-2.108980156481266022e-02
9.387123584747314453e-02
-4.810895919799804688e-01
-3.092007040977478027e-01
6.976931542158126831e-02
