6.769011914730072021e-02
1.203606277704238892e-01
-6.497574597597122192e-02
6.643811613321304321e-02
-2.179323881864547729e-01
1.283808052539825439e-01
9.108566492795944214e-02
-3.222412467002868652e-01
1.202903240919113159e-01
-1.300181746482849121e-01
1.029933169484138489e-01
-1.255648490041494370e-02
2.965973876416683197e-02
1.518426984548568726e-01
1.194369643926620483e-01
-1.438671648502349854e-01
8.162779361009597778e-02
1.126720458269119263e-01
-8.626788109540939331e-02
-1.331994086503982544e-01
1.423749625682830811e-01
-6.841818988323211670e-02
-2.411893010139465332e-01
-1.242484748363494873e-01
1.326681673526763916e-01
8.773126453161239624e-02
-3.527576848864555359e-02
-6.780927535146474838e-03
3.044657409191131592e-02
4.487281292676925659e-02
6.292186677455902100e-02
-1.098727360367774963e-01
1.055178418755531311e-01
1.654191166162490845e-01
7.700868695974349976e-02
1.967324316501617432e-02
5.608951300382614136e-02
6.980076432228088379e-02
-1.322838477790355682e-02
2.169594019651412964e-01
-1.088978275656700134e-01
1.154264509677886963e-01
-9.419153630733489990e-02
1.509741693735122681e-01
-2.154917567968368530e-01
-1.707238554954528809e-01
1.484433561563491821e-01
4.215405136346817017e-02
1.042591258883476257e-01
-1.983267255127429962e-02
2.026375085115432739e-01
-7.714480743743479252e-04
1.893029063940048218e-01
5.007248371839523315e-02
7.560513168573379517e-02
-5.498221516609191895e-02
4.789450392127037048e-02
2.340454757213592529e-01
-1.391467452049255371e-01
3.683681041002273560e-02
-5.685053765773773193e-02
2.045179307460784912e-01
1.748362779617309570e-01
1.664303801953792572e-02
5.228110589087009430e-03
1.822414994239807129e-01
7.357867062091827393e-02
-1.392328292131423950e-01
1.157306730747222900e-01
2.421976253390312195e-02
1.066879406571388245e-01
7.782407104969024658e-02
-3.301570713520050049e-01
1.823866218328475952e-01
-6.270080059766769409e-02
3.858252167701721191e-01
-3.450498282909393311e-01
3.234208747744560242e-02
1.800122261047363281e-01
5.426371842622756958e-02
-1.214783713221549988e-01
-8.188483864068984985e-02
-1.362312468700110912e-03
9.048392623662948608e-02
-1.613429933786392212e-01
2.362932823598384857e-02
8.251557499170303345e-02
1.891048699617385864e-01
8.464419841766357422e-02
1.118949875235557556e-01
3.882630541920661926e-02
1.493958383798599243e-01
-1.359140276908874512e-01
-4.325880110263824463e-01
1.158667206764221191e-01
-2.726869098842144012e-02
3.973938897252082825e-02
-6.575886160135269165e-02
1.444780826568603516e-01
2.497610822319984436e-02
