-3.305726945400238037e-01
-2.442405819892883301e-01
2.186715304851531982e-01
-3.718285355716943741e-03
2.584480494260787964e-02
-1.327388733625411987e-01
-4.259958565235137939e-01
1.244243681430816650e-01
-2.934740185737609863e-01
7.272023707628250122e-02
1.465175021439790726e-02
1.205878332257270813e-01
8.941258490085601807e-02
-2.982429862022399902e-01
-1.458346494473516941e-03
1.342520955950021744e-02
-3.220672905445098877e-02
1.009485572576522827e-01
-2.267065495252609253e-01
-3.135085105895996094e-01
-5.306898429989814758e-02
-2.266903407871723175e-02
1.374715119600296021e-01
-3.001250922679901123e-01
8.635398745536804199e-02
-2.764913439750671387e-01
5.998583510518074036e-02
6.794216632843017578e-01
-1.870728582143783569e-01
-3.481098413467407227e-01
1.135889887809753418e-01
-4.351632595062255859e-01
3.655046224594116211e-02
1.007496044039726257e-01
-4.799114912748336792e-02
-4.193370938301086426e-01
-2.191071361303329468e-01
4.816249310970306396e-01
-1.964485198259353638e-01
-3.415755033493041992e-01
1.952775865793228149e-01
7.686216384172439575e-02
-2.925668358802795410e-01
-4.552382975816726685e-03
4.075724259018898010e-02
-2.930934131145477295e-01
4.667363166809082031e-01
7.946024090051651001e-02
3.783291950821876526e-02
7.024224847555160522e-03
3.543434664607048035e-02
7.989853620529174805e-02
-1.296469718217849731e-01
6.160984039306640625e-01
-2.240971475839614868e-01
-3.148714080452919006e-02
5.310708365868777037e-05
-8.309165015816688538e-03
-3.494443595409393311e-01
1.167527362704277039e-01
-2.202464675065129995e-04
4.635532200336456299e-02
-1.721598091535270214e-04
-1.252125576138496399e-02
-2.400510907173156738e-01
1.444674679078161716e-03
-2.466617338359355927e-02
4.797755181789398193e-01
-6.231211870908737183e-02
1.027876883745193481e-01
-3.614629805088043213e-01
8.142171055078506470e-02
-2.445137053728103638e-01
8.147820234298706055e-01
-2.131217867136001587e-01
8.660935796797275543e-03
7.913006842136383057e-02
-7.196521013975143433e-02
-6.910240054130554199e-01
4.141723737120628357e-02
-3.261415958404541016e-01
6.427297741174697876e-02
1.043520197272300720e-01
-1.694732531905174255e-02
7.912285923957824707e-01
-2.038546800613403320e-01
7.897572219371795654e-02
1.793348230421543121e-03
-2.766824960708618164e-01
1.229406073689460754e-01
1.026706323027610779e-01
-5.504452809691429138e-02
3.072212338447570801e-01
-2.290922105312347412e-01
-3.379881009459495544e-02
-2.892187610268592834e-02
9.839532375335693359e-01
2.490058839321136475e-01
1.121671572327613831e-01
-3.155159354209899902e-01
