-7.310789078474044800e-02
9.529630094766616821e-02
-3.864327818155288696e-02
2.008927613496780396e-01
3.403852134943008423e-02
1.303907185792922974e-01
-9.613862633705139160e-02
1.283296793699264526e-01
-3.205408155918121338e-02
-9.232927113771438599e-02
-1.004698127508163452e-01
-2.314993925392627716e-02
7.542116940021514893e-02
-7.263188809156417847e-02
1.834633052349090576e-01
-9.525305032730102539e-02
1.279398202896118164e-01
5.930804461240768433e-02
5.602137371897697449e-02
-3.100284636020660400e-01
-3.911989554762840271e-02
-7.058864831924438477e-02
9.836333245038986206e-02
-8.354496210813522339e-03
1.589918285608291626e-01
-1.682004705071449280e-02
-7.291562855243682861e-02
1.487308591604232788e-01
-1.145704090595245361e-01
-5.199944972991943359e-02
-1.037360429763793945e-01
3.215936720371246338e-01
-7.119229435920715332e-02
1.870404779911041260e-01
1.841065734624862671e-01
-3.177865222096443176e-02
-1.629325374960899353e-02
2.865004539489746094e-02
2.150128781795501709e-01
1.244701445102691650e-01
-5.663881450891494751e-02
4.731979686766862869e-03
1.319202408194541931e-02
7.862774282693862915e-02
1.593942008912563324e-02
-3.747408464550971985e-02
7.998995482921600342e-03
-2.446405030786991119e-02
1.238072440028190613e-01
1.192295849323272705e-01
-4.195643961429595947e-02
-1.162609271705150604e-02
-4.972344264388084412e-02
2.273430973291397095e-01
-2.818445302546024323e-02
-6.883762776851654053e-02
-6.886147893965244293e-04
1.275594681501388550e-01
-6.882515549659729004e-02
2.514217197895050049e-01
3.663641214370727539e-02
1.176262348890304565e-01
5.760591011494398117e-03
-7.505044341087341309e-02
-1.852965056896209717e-01
-8.806892484426498413e-02
-6.481605023145675659e-02
1.780471652746200562e-01
6.862180680036544800e-02
1.410540044307708740e-01
-2.675539441406726837e-02
2.446041814982891083e-02
1.036569848656654358e-01
-1.540545374155044556e-01
7.695212960243225098e-03
4.443943500518798828e-02
4.688622802495956421e-02
9.818947315216064453e-02
1.593592315912246704e-01
3.724633529782295227e-02
9.291101247072219849e-02
-5.760115385055541992e-02
3.240058198571205139e-02
1.305938661098480225e-01
-3.009791858494281769e-02
-6.479673832654953003e-02
-9.092348814010620117e-02
1.319414526224136353e-01
-7.679506205022335052e-03
5.417845770716667175e-02
-1.019254326820373535e-02
5.665284767746925354e-02
1.989726871252059937e-01
8.702282607555389404e-02
2.004577778279781342e-02
1.903297752141952515e-01
3.328657150268554688e-01
-4.539630189538002014e-02
8.552814275026321411e-02
-1.448174715042114258e-01
