-2.497694827616214752e-02
4.617274180054664612e-02
3.348953425884246826e-01
3.510699048638343811e-02
-1.747934371232986450e-01
3.772037476301193237e-02
-4.289044067263603210e-03
4.435215517878532410e-02
-1.310969702899456024e-02
4.566295444965362549e-02
2.055821754038333893e-02
9.779565781354904175e-02
-7.894847542047500610e-02
-1.903122365474700928e-01
3.184221917763352394e-03
-7.290015369653701782e-02
-9.011087939143180847e-03
1.575161353684961796e-03
7.122284173965454102e-02
-2.591328024864196777e-01
-1.809432655572891235e-01
-4.105485081672668457e-01
1.965780109167098999e-01
-1.573498919606208801e-02
-6.746477913111448288e-03
-3.759409114718437195e-02
-2.084377408027648926e-02
2.865641005337238312e-02
9.928809851408004761e-02
-2.138393819332122803e-01
3.393507376313209534e-02
5.274028331041336060e-02
-2.421161159873008728e-02
1.469051390886306763e-01
-1.649539470672607422e-01
3.620720654726028442e-02
4.512698575854301453e-02
1.808745414018630981e-01
8.133578300476074219e-02
-8.524860441684722900e-02
-1.814343184232711792e-01
-2.391244657337665558e-02
-2.240927815437316895e-01
1.460969075560569763e-02
-5.367435887455940247e-02
9.387714415788650513e-02
4.577658474445343018e-01
1.373496279120445251e-02
1.381976753473281860e-01
-3.128827810287475586e-01
-1.071136328391730785e-03
-3.918647766113281250e-01
1.849727518856525421e-02
-4.563600122928619385e-01
9.911493211984634399e-02
-5.896741151809692383e-02
-2.852341625839471817e-03
-1.770155578851699829e-01
5.894590541720390320e-02
-1.812845915555953979e-01
-3.290208429098129272e-02
1.141717210412025452e-01
1.888121366500854492e-01
9.948962926864624023e-02
1.046685278415679932e-01
2.377886883914470673e-02
-1.369863096624612808e-02
-7.829745300114154816e-03
-6.509643793106079102e-02
-5.021343007683753967e-03
-1.764580309391021729e-01
3.242460265755653381e-02
1.043805405497550964e-01
-5.622414126992225647e-02
-1.052851825952529907e-01
2.044139504432678223e-01
7.698688656091690063e-02
-3.727588951587677002e-01
1.927532628178596497e-02
-1.111037656664848328e-02
3.748360276222229004e-02
1.291660964488983154e-01
-6.192946434020996094e-01
-9.813968092203140259e-02
1.224407032132148743e-01
1.222936511039733887e-01
-1.765393652021884918e-02
1.106163561344146729e-01
2.858836436644196510e-03
-3.732918202877044678e-02
5.961149930953979492e-02
-1.884719133377075195e-01
7.125123739242553711e-01
7.984620332717895508e-02
1.081469953060150146e-01
-2.294301800429821014e-02
2.832578308880329132e-02
-1.391243468970060349e-02
8.188885450363159180e-02
5.445039644837379456e-02
