2.787251770496368408e-01
3.366906940937042236e-01
-2.486164718866348267e-01
-1.069886460900306702e-01
3.080986440181732178e-01
-2.792752683162689209e-01
-2.097774483263492584e-02
3.181886076927185059e-01
-1.462487280368804932e-01
-1.536973565816879272e-01
2.832391858100891113e-01
2.313738018274307251e-01
2.650665342807769775e-01
5.008791089057922363e-01
-1.923782974481582642e-01
1.511556506156921387e-01
2.786852717399597168e-01
-7.774642109870910645e-02
1.972629725933074951e-01
1.935581564903259277e-01
3.042781054973602295e-01
2.577285468578338623e-01
2.943831086158752441e-01
-8.814910426735877991e-03
5.630560964345932007e-02
2.297090142965316772e-01
2.194787189364433289e-02
-1.254477649927139282e-01
2.613142430782318115e-01
-1.120454166084527969e-02
-6.522332876920700073e-02
2.498962730169296265e-01
-2.483148500323295593e-02
-3.477663099765777588e-01
-1.112690195441246033e-01
-7.043923437595367432e-02
-7.752305269241333008e-02
1.201715841889381409e-01
5.198630690574645996e-02
1.455269157886505127e-01
3.479765057563781738e-01
-3.794694840908050537e-01
3.120888769626617432e-01
2.794652283191680908e-01
2.148035913705825806e-01
-2.604393362998962402e-01
-3.816149011254310608e-02
2.005030214786529541e-01
2.305797785520553589e-01
3.084414303302764893e-01
1.465624719858169556e-01
8.113544434309005737e-02
-1.019911989569664001e-01
2.354082465171813965e-01
1.109514310956001282e-01
2.700319588184356689e-01
8.693370223045349121e-02
2.993798069655895233e-02
-1.061364933848381042e-01
2.573121786117553711e-01
2.151608765125274658e-01
2.656855583190917969e-01
-1.642184108495712280e-01
3.109253942966461182e-01
2.296833097934722900e-01
-1.141983941197395325e-01
-1.090672165155410767e-01
-6.722300499677658081e-02
-9.876758605241775513e-02
-1.238073706626892090e-01
1.943096369504928589e-01
1.201168149709701538e-01
-1.558090597391128540e-01
-2.887828350067138672e-01
-4.143038764595985413e-02
2.562833130359649658e-01
4.008866101503372192e-02
-1.172579228878021240e-01
-1.276588588953018188e-01
1.907685250043869019e-01
-1.866799741983413696e-01
-6.815052777528762817e-02
-1.045639347285032272e-02
2.791427373886108398e-01
1.411772817373275757e-01
-1.087953597307205200e-01
2.147974222898483276e-01
-5.472899973392486572e-02
4.961769655346870422e-02
3.365737199783325195e-01
3.515264689922332764e-01
2.615642249584197998e-01
-9.136459231376647949e-02
5.248671397566795349e-02
5.955168977379798889e-02
-4.327872395515441895e-02
2.813254892826080322e-01
-8.551011234521865845e-02
-1.286883354187011719e-01
2.552757263183593750e-01
