-7.879474014043807983e-02
1.120648533105850220e-01
-6.413342058658599854e-02
-1.036786511540412903e-01
-1.897324621677398682e-02
5.620960891246795654e-02
-1.118384301662445068e-01
-1.028442233800888062e-01
7.311212271451950073e-02
-8.731951564550399780e-02
3.187306597828865051e-02
2.120993100106716156e-02
-2.376369833946228027e-01
-5.257969722151756287e-02
1.597013175487518311e-01
1.828030496835708618e-01
-1.205307897180318832e-02
-4.011155292391777039e-02
-2.753498405218124390e-02
1.285575479269027710e-01
4.833288118243217468e-02
-2.822932414710521698e-02
1.602573841810226440e-01
1.859611272811889648e-01
-5.312971025705337524e-02
1.508863866329193115e-01
-1.576436683535575867e-02
-7.079185545444488525e-02
-4.294247925281524658e-02
1.741353571414947510e-01
1.391089260578155518e-01
-6.171458214521408081e-02
2.286042422056198120e-01
-3.407537043094635010e-01
-5.090809613466262817e-02
1.541008502244949341e-01
-1.217950806021690369e-01
-5.240674689412117004e-02
-1.295979171991348267e-01
-5.872699245810508728e-02
2.312104031443595886e-02
-1.280465722084045410e-01
9.796439856290817261e-02
-7.236553728580474854e-02
1.121661663055419922e-01
1.168771311640739441e-01
1.418666839599609375e-01
-2.203621417284011841e-01
-8.732696622610092163e-02
2.726436555385589600e-01
-2.434146404266357422e-02
-1.645534038543701172e-01
-1.974656432867050171e-02
-8.043751120567321777e-02
2.440375089645385742e-01
5.548851191997528076e-02
6.381066888570785522e-02
7.196347415447235107e-02
4.097174480557441711e-02
2.668861113488674164e-02
2.687726318836212158e-01
-6.585855036973953247e-02
-1.793546527624130249e-01
1.816828995943069458e-01
1.010290831327438354e-01
2.326247468590736389e-02
9.978044033050537109e-02
1.802723505534231663e-03
-2.462210804224014282e-01
-1.528162807226181030e-01
1.089177802205085754e-01
-2.554250136017799377e-02
1.324708461761474609e-01
4.815737530589103699e-02
-5.389139801263809204e-02
-7.355815172195434570e-02
4.110119864344596863e-02
4.265269637107849121e-02
-7.606633007526397705e-02
-1.413556635379791260e-01
2.361004650592803955e-01
4.322002083063125610e-02
1.511918008327484131e-01
-1.011989340186119080e-01
-2.512544021010398865e-02
7.650695741176605225e-02
-8.756005018949508667e-02
-4.702599719166755676e-02
-1.037170737981796265e-01
7.335367798805236816e-02
9.476261911913752556e-04
2.239037752151489258e-01
-4.642444476485252380e-02
9.265425801277160645e-02
1.757656484842300415e-01
5.170528590679168701e-02
-3.088182583451271057e-02
-2.143523655831813812e-02
-5.675881728529930115e-02
-2.378337681293487549e-01
