2.979075312614440918e-01
2.333976328372955322e-01
6.480479240417480469e-02
-1.239290311932563782e-01
2.578563094139099121e-01
2.373202741146087646e-01
2.153790891170501709e-01
-1.336039155721664429e-01
2.199648320674896240e-01
1.325377523899078369e-01
2.787997722625732422e-01
3.159875571727752686e-01
-1.230581179261207581e-01
2.827871143817901611e-01
2.203250117599964142e-02
-1.560138463973999023e-01
-9.888704121112823486e-02
3.112220168113708496e-01
1.673793494701385498e-01
-5.758249759674072266e-02
3.392436206340789795e-01
-2.462080866098403931e-02
3.300283849239349365e-01
-5.125568509101867676e-01
3.183186054229736328e-01
2.170297950506210327e-01
-7.642813771963119507e-02
2.514608204364776611e-01
-1.176066324114799500e-01
-1.633491963148117065e-01
3.117220997810363770e-01
-4.639116674661636353e-02
-1.440786570310592651e-01
3.024660944938659668e-01
-2.516067624092102051e-01
1.601778715848922729e-01
-5.267855525016784668e-02
2.311752736568450928e-01
2.819434404373168945e-01
3.202872276306152344e-01
-2.537395358085632324e-01
3.110738098621368408e-01
3.157562315464019775e-01
-4.265294969081878662e-01
-3.713251277804374695e-02
5.806491374969482422e-01
-1.221811994910240173e-01
2.408211827278137207e-01
-8.624527603387832642e-02
1.501057879067957401e-03
1.928225606679916382e-01
-5.422717705368995667e-02
2.378085702657699585e-01
-1.772414706647396088e-02
-1.399199813604354858e-01
2.114818692207336426e-01
2.468324601650238037e-01
5.501949191093444824e-01
-4.521866515278816223e-02
-6.551805138587951660e-02
-2.684295643121004105e-03
2.042683660984039307e-01
5.957014858722686768e-02
7.458567619323730469e-02
-7.168825715780258179e-02
1.098664402961730957e-01
2.308100312948226929e-01
3.132115900516510010e-01
2.121898382902145386e-01
2.109203636646270752e-01
2.224611341953277588e-01
-3.759095817804336548e-02
3.036209940910339355e-01
-2.661272883415222168e-01
-5.263017416000366211e-01
3.301105648279190063e-02
-1.015944778919219971e-02
-1.155002322047948837e-02
-8.218254148960113525e-02
-1.615567952394485474e-01
-8.635269105434417725e-02
3.276563882827758789e-01
-1.954251378774642944e-01
-1.283910274505615234e-01
1.804583668708801270e-01
-1.801766268908977509e-02
-1.529910508543252945e-02
1.510872393846511841e-01
4.565603658556938171e-02
-7.288946211338043213e-02
-1.208823472261428833e-01
1.570830196142196655e-01
7.729706168174743652e-02
-2.284100353717803955e-01
1.357925981283187866e-01
3.539315760135650635e-01
-1.114350706338882446e-01
-4.357182234525680542e-02
1.235690563917160034e-01
1.875714063644409180e-01
