1.176521182060241699e-01
7.086208462715148926e-02
-1.082254922948777676e-03
3.228669241070747375e-02
9.226503968238830566e-02
1.094846334308385849e-02
4.748092498630285263e-03
-3.310021758079528809e-01
5.996868014335632324e-02
-3.936829452868551016e-04
9.955041110515594482e-02
8.098910003900527954e-02
3.078826963901519775e-01
1.030064076185226440e-01
-2.306111343204975128e-02
-1.136947497725486755e-01
-1.660796627402305603e-02
3.923409059643745422e-02
9.593153372406959534e-03
5.522198509424924850e-03
7.736726105213165283e-02
-1.820817887783050537e-01
9.185416996479034424e-02
-4.228798151016235352e-01
1.321724653244018555e-01
7.977518439292907715e-02
-2.105599194765090942e-01
1.087741032242774963e-01
-2.789107263088226318e-01
1.423549558967351913e-02
1.166049093008041382e-01
-1.826127916574478149e-01
2.628801157698035240e-03
6.180083006620407104e-02
-3.930482864379882812e-01
6.803240976296365261e-04
-5.794041156768798828e-01
1.185475010424852371e-02
1.173511967062950134e-01
5.325000360608100891e-02
-2.553732991218566895e-01
1.282254457473754883e-01
1.020963788032531738e-01
-6.269800066947937012e-01
-5.911828577518463135e-02
4.320755600929260254e-01
6.404491513967514038e-02
6.620778888463973999e-02
-1.021656021475791931e-02
-4.101284965872764587e-02
7.457184046506881714e-02
8.663523010909557343e-03
1.006643176078796387e-01
7.294945884495973587e-03
5.325354263186454773e-02
9.533368796110153198e-02
1.056338772177696228e-01
6.019481420516967773e-01
-2.308702468872070312e-02
1.864486373960971832e-02
-1.699758134782314301e-02
1.222345791757106781e-02
-6.226764619350433350e-02
1.659463047981262207e-01
3.877492547035217285e-01
1.148264631628990173e-01
1.038948670029640198e-01
6.935465335845947266e-02
6.708048284053802490e-03
6.408628076314926147e-02
1.019597277045249939e-01
-4.907060042023658752e-02
4.328365623950958252e-02
-1.534358859062194824e-01
-4.692329168319702148e-01
-6.041264161467552185e-02
-6.015326827764511108e-02
-1.845576465129852295e-01
-1.510255225002765656e-02
-2.312282323837280273e-01
-5.427848175168037415e-02
1.025200933218002319e-01
-2.540217041969299316e-01
-4.261574149131774902e-02
4.122370481491088867e-02
1.859806478023529053e-02
-3.877444565296173096e-01
3.424140438437461853e-02
1.687602251768112183e-01
-2.413439154624938965e-01
-4.482444003224372864e-02
-2.871548291295766830e-03
1.141231041401624680e-02
-2.566140890121459961e-01
-7.084446493536233902e-03
1.291474550962448120e-01
2.276651747524738312e-02
-2.449933253228664398e-02
7.184263318777084351e-02
4.269138723611831665e-02
