3.206286132335662842e-01
-3.136611357331275940e-02
5.820471048355102539e-02
1.169373914599418640e-01
8.751188963651657104e-02
7.587378472089767456e-02
7.719250023365020752e-02
3.767912089824676514e-02
6.055594235658645630e-02
3.781353682279586792e-02
1.119893863797187805e-01
2.757641971111297607e-01
5.293970555067062378e-02
2.560608685016632080e-01
-1.624812334775924683e-01
-4.830760136246681213e-02
-1.304597556591033936e-01
2.281305491924285889e-01
-1.066558286547660828e-01
6.461948156356811523e-02
5.560461431741714478e-02
2.001376748085021973e-01
2.101111114025115967e-01
1.348619759082794189e-01
1.586499661207199097e-01
3.009550273418426514e-02
7.882905751466751099e-02
-4.110902920365333557e-02
-9.438196569681167603e-02
3.843440115451812744e-02
7.073395419865846634e-03
8.849166333675384521e-02
-1.001451015472412109e-01
2.422965764999389648e-01
-5.625140294432640076e-02
-1.184908002614974976e-01
1.702757775783538818e-01
1.170695126056671143e-01
3.094229996204376221e-01
1.145279183983802795e-01
-5.092313140630722046e-02
-4.468086734414100647e-02
5.122428759932518005e-02
1.487923860549926758e-01
7.633863016963005066e-03
-6.522516161203384399e-02
3.430109918117523193e-01
-7.888847589492797852e-02
-4.169225692749023438e-02
1.170225292444229126e-01
1.052968055009841919e-01
3.050100430846214294e-02
4.113456979393959045e-02
7.239617407321929932e-02
5.256153177469968796e-03
6.782091408967971802e-02
5.485806241631507874e-02
-5.672412365674972534e-02
5.942257493734359741e-02
1.327897310256958008e-01
1.301212161779403687e-01
1.195584982633590698e-01
-1.096906512975692749e-01
-1.247772481292486191e-02
1.416029334068298340e-01
-2.114681750535964966e-01
-1.078264266252517700e-01
-2.122074365615844727e-02
1.875029653310775757e-01
1.751441694796085358e-02
1.379647105932235718e-01
-3.060190938413143158e-03
-1.827033422887325287e-02
1.541762240231037140e-02
1.200501993298530579e-01
3.903218731284141541e-02
8.592090010643005371e-02
1.000377116724848747e-03
-1.150398403406143188e-01
-6.621389091014862061e-02
-5.203697457909584045e-02
1.504031568765640259e-01
-9.860751777887344360e-02
2.551432698965072632e-03
1.741674393415451050e-01
3.366604074835777283e-02
4.411309957504272461e-03
-5.455383285880088806e-02
-9.604503400623798370e-03
-8.176942169666290283e-02
4.147881641983985901e-02
9.512937068939208984e-02
-3.863068670034408569e-02
1.654151245020329952e-03
-7.215262204408645630e-02
1.434547603130340576e-01
-1.492446959018707275e-01
-7.242199499160051346e-03
1.139098852872848511e-01
-9.095222689211368561e-03
