-1.203859820961952209e-01
-7.059092074632644653e-02
-5.516834091395139694e-03
3.399895131587982178e-01
3.181937932968139648e-01
2.969337403774261475e-01
-9.657082706689834595e-02
1.935798376798629761e-01
7.709860056638717651e-02
-4.454028233885765076e-02
-1.293983962386846542e-02
-1.206460371613502502e-01
3.208569884300231934e-01
1.362508721649646759e-02
-1.011246964335441589e-01
2.899856865406036377e-01
-2.054376751184463501e-01
-7.627489417791366577e-02
-1.921452283859252930e-01
-1.942026428878307343e-02
-8.991488069295883179e-02
-8.161053806543350220e-02
-5.403319001197814941e-01
1.978224366903305054e-01
2.346593737602233887e-01
2.394647598266601562e-01
-2.344342321157455444e-01
-1.201352030038833618e-01
-1.369760185480117798e-01
3.338359296321868896e-01
-1.524851322174072266e-01
-5.751845240592956543e-02
-5.441956594586372375e-02
-2.833052538335323334e-02
-1.391187757253646851e-01
3.361166119575500488e-01
1.683348417282104492e-01
-7.554474472999572754e-02
9.332370012998580933e-02
-2.121093124151229858e-02
8.129961788654327393e-02
-8.686865866184234619e-02
1.909665167331695557e-01
-3.747514784336090088e-01
2.444424778223037720e-01
9.428854100406169891e-03
-1.477745622396469116e-01
-2.184292078018188477e-01
-9.936701506376266479e-02
1.901485770940780640e-01
-1.148821488022804260e-01
-3.282086551189422607e-01
-3.306799381971359253e-02
2.930561304092407227e-01
2.781356871128082275e-01
-4.556363075971603394e-02
-9.300249069929122925e-02
-1.704267561435699463e-01
5.820466950535774231e-02
1.589150875806808472e-01
-4.085355624556541443e-02
2.988784313201904297e-01
-1.180980801582336426e-01
-8.506709709763526917e-03
-6.295430660247802734e-02
8.445477485656738281e-02
2.399916499853134155e-01
2.816589772701263428e-01
3.553074300289154053e-01
-8.714605122804641724e-02
1.756493151187896729e-01
9.712137281894683838e-02
1.993524581193923950e-01
-1.144088283181190491e-01
1.541381180286407471e-01
-2.457554638385772705e-01
-1.194917634129524231e-01
-8.799341320991516113e-02
3.582777678966522217e-01
1.928163319826126099e-01
-1.851429194211959839e-01
1.880662590265274048e-01
2.241546362638473511e-01
2.466365098953247070e-01
3.224131464958190918e-01
2.636400759220123291e-01
2.492392808198928833e-01
3.100585937500000000e-01
-1.028644964098930359e-01
2.886041402816772461e-01
-1.517363339662551880e-01
-2.444699872285127640e-03
2.777464985847473145e-01
-1.840651407837867737e-02
9.134606122970581055e-01
-9.808011353015899658e-02
1.501304209232330322e-01
2.587035894393920898e-01
2.288118898868560791e-01
-5.156974121928215027e-02
