-1.248338595032691956e-01
-1.036913692951202393e-01
2.765763700008392334e-01
-1.368898451328277588e-01
1.420118808746337891e-01
2.233645878732204437e-02
7.229962199926376343e-02
8.290068060159683228e-02
-5.918659642338752747e-02
-1.441761851310729980e-01
-7.810392230749130249e-02
-7.711634039878845215e-02
1.119977086782455444e-01
-1.103609055280685425e-01
3.214052878320217133e-03
1.432646717876195908e-02
-3.296196460723876953e-02
-1.163701191544532776e-01
1.248214244842529297e-01
1.204327866435050964e-01
-1.342127937823534012e-02
-4.155182465910911560e-02
-3.108140453696250916e-02
4.269527643918991089e-02
-1.368265971541404724e-02
-6.652443110942840576e-02
9.641466289758682251e-02
-3.695864696055650711e-03
-3.746201843023300171e-02
-1.027305796742439270e-01
2.394051253795623779e-01
1.285912394523620605e-01
-1.727516949176788330e-01
1.913328766822814941e-01
-9.020949900150299072e-02
1.306483745574951172e-01
-7.363730110228061676e-04
-8.245507627725601196e-02
1.185913980007171631e-01
2.368497699499130249e-01
6.702807545661926270e-02
8.186019212007522583e-02
-6.921875476837158203e-02
-1.394532024860382080e-01
7.512948662042617798e-02
-1.377603709697723389e-01
2.017369121313095093e-01
9.204332530498504639e-02
-1.977679133415222168e-01
2.052944153547286987e-02
-4.963671788573265076e-02
4.302418529987335205e-01
-2.748498320579528809e-02
-1.401528567075729370e-01
4.719746112823486328e-02
1.769229173660278320e-01
5.440506711602210999e-02
8.530832827091217041e-02
-1.753505691885948181e-02
1.226278096437454224e-01
1.932025514543056488e-02
-8.975531160831451416e-02
-5.338927358388900757e-02
1.757042855024337769e-01
-1.629813760519027710e-01
2.935115993022918701e-01
1.715469956398010254e-01
4.752785339951515198e-02
-2.215545177459716797e-01
-1.977278478443622589e-02
2.731662094593048096e-01
-8.755090832710266113e-02
2.354682423174381256e-02
5.089304177090525627e-04
-7.381123304367065430e-02
1.396110355854034424e-01
-8.045757561922073364e-02
-1.059468165040016174e-01
3.070380724966526031e-02
5.200297106057405472e-03
-7.529234141111373901e-02
1.963024027645587921e-02
-7.970212399959564209e-02
2.106382697820663452e-01
-3.711984306573867798e-02
-1.214116886258125305e-01
4.612623527646064758e-02
-5.745013803243637085e-02
6.158075481653213501e-02
-4.360331967473030090e-02
-2.067256271839141846e-01
-2.341092973947525024e-01
3.382623940706253052e-02
9.464582800865173340e-02
5.414989218115806580e-02
2.019714862108230591e-01
-1.466007977724075317e-01
9.162665903568267822e-02
-5.865304544568061829e-02
6.216664984822273254e-02
