-2.740697860717773438e-01
5.820367485284805298e-02
-3.647637069225311279e-01
9.680856019258499146e-02
3.914824873208999634e-02
1.017884016036987305e-01
3.471187874674797058e-02
5.874356999993324280e-02
1.429425626993179321e-01
-2.517631947994232178e-01
3.226551711559295654e-01
-2.555018961429595947e-01
7.394534349441528320e-02
3.548854887485504150e-01
-3.858390450477600098e-01
1.000600457191467285e-01
-1.826320439577102661e-01
-1.764921657741069794e-02
-3.142651021480560303e-01
3.159570991992950439e-01
-4.241215810179710388e-02
-5.456165224313735962e-02
-8.759500384330749512e-01
5.708252638578414917e-02
6.545235961675643921e-02
1.758324541151523590e-02
-5.753144621849060059e-01
-4.418751299381256104e-01
-1.975585371255874634e-01
7.487120479345321655e-02
-2.810527086257934570e-01
2.787067592144012451e-01
-3.102685809135437012e-01
-4.292584359645843506e-01
-3.033918142318725586e-02
1.388849616050720215e-01
2.947936020791530609e-02
-2.761150300502777100e-01
-3.451464325189590454e-02
3.026277124881744385e-01
2.366900742053985596e-01
2.742469608783721924e-01
4.102932289242744446e-02
-2.998161017894744873e-01
1.241892762482166290e-02
2.487722039222717285e-01
1.199992746114730835e-02
-2.637137174606323242e-01
-3.368086814880371094e-01
8.809399604797363281e-02
-2.469804435968399048e-01
-4.439587295055389404e-01
9.677748382091522217e-02
9.311718493700027466e-02
8.049530535936355591e-02
-3.009209036827087402e-01
-1.163633726537227631e-02
-9.316001087427139282e-02
-2.171352803707122803e-01
7.046009879559278488e-03
3.814548552036285400e-01
5.061420425772666931e-02
-4.481738805770874023e-02
-1.834209710359573364e-01
-2.397286295890808105e-01
-2.044865638017654419e-01
2.439447678625583649e-02
1.099382340908050537e-01
8.798996359109878540e-02
-2.338019609451293945e-01
7.121546659618616104e-04
2.463734708726406097e-03
1.044600084424018860e-01
-6.640959531068801880e-02
4.518402740359306335e-02
1.610972166061401367e+00
-3.223677575588226318e-01
-4.977374151349067688e-02
1.084384098649024963e-01
1.803428167477250099e-03
-3.089095056056976318e-01
7.165820896625518799e-02
8.197938650846481323e-02
1.056170612573623657e-01
8.721672743558883667e-02
6.515076756477355957e-02
4.760651383548974991e-03
1.067974343895912170e-01
2.590305171906948090e-02
4.210230708122253418e-02
-2.914532721042633057e-01
-3.901789188385009766e-01
5.916170775890350342e-02
-2.698037922382354736e-01
6.945174932479858398e-01
-4.326926171779632568e-01
-1.828415878117084503e-02
2.852892130613327026e-02
8.070652186870574951e-02
-2.147702574729919434e-01
