-4.680574685335159302e-02
3.090318143367767334e-01
-1.063751727342605591e-01
2.220574617385864258e-01
-1.050472557544708252e-01
3.859297931194305420e-01
2.884485125541687012e-01
-3.710430860519409180e-02
-3.920047357678413391e-02
2.224885225296020508e-01
-3.412797749042510986e-01
3.348746597766876221e-01
-7.656539976596832275e-02
-1.294349879026412964e-01
-4.012482240796089172e-02
3.312080800533294678e-01
3.715876042842864990e-01
2.120556980371475220e-01
3.918292522430419922e-01
8.696343004703521729e-02
2.051796019077301025e-01
-3.773939609527587891e-01
-1.712800115346908569e-01
2.378060221672058105e-01
-5.012824200093746185e-03
2.837133407592773438e-01
3.149170279502868652e-01
4.213244654238224030e-03
-6.234919652342796326e-02
-2.283571660518646240e-02
-8.274733275175094604e-02
2.750837504863739014e-01
-9.868320822715759277e-02
1.526483334600925446e-03
5.971387773752212524e-02
4.911132901906967163e-02
3.771045804023742676e-01
2.363921105861663818e-01
3.566637635231018066e-01
3.167963922023773193e-01
2.737456858158111572e-01
-8.451304584741592407e-02
3.522179126739501953e-01
2.857216894626617432e-01
2.748081386089324951e-01
-6.214253231883049011e-02
-2.814533114433288574e-01
2.796303927898406982e-01
3.213694691658020020e-01
-3.558341786265373230e-02
-5.334533452987670898e-01
2.471565753221511841e-01
-1.812655478715896606e-01
-1.101687401533126831e-01
-4.030587077140808105e-01
2.864725291728973389e-01
-1.084858626127243042e-01
3.455909490585327148e-01
3.683609068393707275e-01
3.675278723239898682e-01
-5.966613069176673889e-02
2.873836159706115723e-01
-2.118198871612548828e-01
-8.590573072433471680e-02
-2.691465616226196289e-02
6.776784062385559082e-01
2.494215732440352440e-03
2.337976247072219849e-01
-5.638753250241279602e-02
2.391806542873382568e-01
9.593707509338855743e-03
2.815317213535308838e-01
3.198856413364410400e-01
2.907880842685699463e-01
-7.785981986671686172e-03
2.517601102590560913e-02
-3.475681692361831665e-02
3.622098267078399658e-01
-1.287682205438613892e-01
-4.960614722222089767e-03
3.066119551658630371e-01
3.729939758777618408e-01
-1.147859767079353333e-01
3.699412047863006592e-01
-1.257889121770858765e-01
-2.582906484603881836e-01
2.005238533020019531e-01
-3.173798918724060059e-01
-1.312037706375122070e-01
3.256632089614868164e-01
-8.427734673023223877e-02
-1.124927476048469543e-01
3.310898542404174805e-01
3.463952541351318359e-01
8.053491823375225067e-03
3.906037211418151855e-01
2.268158495426177979e-01
2.302383631467819214e-01
-1.268097609281539917e-01
-1.818418689072132111e-02
