9.205148555338382721e-03
1.184856519103050232e-01
3.239959478378295898e-02
2.436239086091518402e-02
-5.921879410743713379e-02
1.297548562288284302e-01
7.073419541120529175e-02
-1.729743927717208862e-02
-4.023181274533271790e-02
2.461243234574794769e-02
-2.248745560646057129e-01
3.885797783732414246e-02
9.203333407640457153e-03
-4.955362677574157715e-01
-5.694447457790374756e-02
5.745219439268112183e-02
1.535304188728332520e-01
1.555312275886535645e-01
3.434204757213592529e-01
-9.046580642461776733e-03
1.164644584059715271e-02
-3.157100081443786621e-01
4.384642541408538818e-01
5.226393416523933411e-02
-2.253875732421875000e-01
8.904442191123962402e-02
8.709726482629776001e-02
2.187192291021347046e-01
2.501172199845314026e-02
-2.401557564735412598e-02
-4.594830423593521118e-02
1.115730106830596924e-01
-4.345670044422149658e-01
-8.950638002716004848e-04
-4.752187803387641907e-02
-7.074455916881561279e-02
7.287283241748809814e-02
4.884416982531547546e-02
5.199510976672172546e-02
1.498421728610992432e-01
1.022593975067138672e-01
-4.140021502971649170e-01
8.047331124544143677e-02
4.119883850216865540e-02
6.797787547111511230e-02
-4.205169081687927246e-01
-2.038066387176513672e-01
1.001387909054756165e-01
1.047928184270858765e-01
1.301123527809977531e-03
-6.610792875289916992e-01
1.705726422369480133e-02
-3.343285620212554932e-01
-3.416569903492927551e-02
-3.016213774681091309e-01
1.291731931269168854e-02
5.713826976716518402e-03
8.960436284542083740e-02
9.752818942070007324e-02
9.451433271169662476e-02
5.217280983924865723e-01
2.448624931275844574e-02
-4.937096238136291504e-01
-5.077822506427764893e-02
-2.506106197834014893e-01
6.208674907684326172e-01
-5.745364353060722351e-02
3.770519047975540161e-02
-4.512112736701965332e-01
1.032792255282402039e-01
8.562476374208927155e-03
2.694182284176349640e-02
1.122242137789726257e-01
1.093525364995002747e-01
-5.223177373409271240e-03
-9.231643751263618469e-03
-1.533643808215856552e-03
1.168125867843627930e-01
-7.736711949110031128e-02
3.374099433422088623e-01
2.364107593894004822e-02
5.901568382978439331e-02
1.852442510426044464e-02
1.274103820323944092e-01
-6.122619658708572388e-02
-2.773098051548004150e-01
3.996436297893524170e-02
-2.210132479667663574e-01
-1.500775851309299469e-02
2.249544486403465271e-02
-6.699010729789733887e-01
-1.590186543762683868e-02
7.839424163103103638e-02
9.830656647682189941e-02
2.188003063201904297e-01
1.557992100715637207e-01
4.977958276867866516e-02
8.258641511201858521e-02
5.627184174954891205e-03
-3.829835727810859680e-02
