2.954022884368896484e-01
1.149742826819419861e-01
-1.097350195050239563e-01
-1.049376800656318665e-01
2.416047304868698120e-01
-8.414984494447708130e-02
2.161950170993804932e-01
2.837070226669311523e-01
-1.720561683177947998e-01
2.953996956348419189e-01
-1.313290446996688843e-01
1.174602881073951721e-01
-9.174770116806030273e-02
1.979416459798812866e-01
3.091535866260528564e-01
1.031752750277519226e-01
1.297324597835540771e-01
-4.884912818670272827e-02
2.155798524618148804e-01
2.268396317958831787e-01
1.789761334657669067e-01
-9.753753989934921265e-02
-3.920479416847229004e-01
9.923821687698364258e-02
-1.766570210456848145e-01
3.139634728431701660e-01
-7.943427562713623047e-02
3.142406344413757324e-01
2.431878149509429932e-01
1.292844209820032120e-02
-1.432092636823654175e-01
-2.603223547339439392e-02
2.171624749898910522e-01
-8.431656658649444580e-02
1.950294077396392822e-01
2.839227914810180664e-01
-3.115344326943159103e-03
2.609899640083312988e-01
2.967467010021209717e-01
-9.183355420827865601e-02
9.493210166692733765e-02
5.070020258426666260e-02
1.888720840215682983e-01
7.975841313600540161e-02
1.532757282257080078e-01
-1.448229104280471802e-01
2.118260562419891357e-01
1.509274989366531372e-01
-1.260171681642532349e-01
2.159389853477478027e-01
-1.443519741296768188e-01
4.027445986866950989e-02
-1.760157756507396698e-02
1.436253190040588379e-01
5.608199629932641983e-03
-3.724403679370880127e-02
2.323160320520401001e-01
1.413619369268417358e-01
-3.668022900819778442e-02
2.476995810866355896e-02
2.741822898387908936e-01
-3.841905593872070312e-01
2.782613337039947510e-01
-1.225141659379005432e-01
-2.403908642008900642e-03
-2.516028657555580139e-02
2.303597182035446167e-01
2.122029513120651245e-01
1.342942118644714355e-01
-4.064011573791503906e-02
2.925389409065246582e-01
-3.065399825572967529e-02
-4.782173782587051392e-02
5.031534433364868164e-01
5.929129570722579956e-02
8.116639852523803711e-01
-9.965818375349044800e-02
-2.235055156052112579e-02
-1.136293485760688782e-01
3.195617794990539551e-01
-7.201106101274490356e-02
1.496891081333160400e-01
9.853967279195785522e-02
1.639379747211933136e-02
2.280492633581161499e-01
2.566733658313751221e-01
2.169654071331024170e-01
-3.576422482728958130e-02
2.693527340888977051e-01
-1.263591796159744263e-01
2.252613455057144165e-01
-7.389883697032928467e-02
2.784665524959564209e-01
3.046758770942687988e-01
1.099524199962615967e-01
-1.246409863233566284e-01
1.748264580965042114e-01
-1.525818407535552979e-01
-1.726404950022697449e-02
1.949112862348556519e-01
