-1.628443785011768341e-02
1.662893444299697876e-01
4.677433520555496216e-02
3.224253952503204346e-01
-8.171553164720535278e-02
-6.748115271329879761e-02
2.542112171649932861e-01
-7.845405489206314087e-02
1.268465351313352585e-02
-3.597465157508850098e-02
2.222985178232192993e-01
-4.322388395667076111e-02
2.585207819938659668e-01
7.833361625671386719e-02
-4.565943405032157898e-02
3.884950876235961914e-01
-8.283261954784393311e-02
-1.523284167051315308e-01
1.141709759831428528e-01
3.114365339279174805e-01
-4.155182465910911560e-02
-1.638578772544860840e-01
1.958310008049011230e-01
-1.129545345902442932e-01
1.412533409893512726e-02
3.122813105583190918e-01
8.137425780296325684e-02
1.701737642288208008e-01
-4.485306143760681152e-02
1.233791112899780273e-01
6.420025229454040527e-02
-7.588256895542144775e-02
2.494448423385620117e-01
2.023163586854934692e-01
2.352855354547500610e-02
2.976307570934295654e-01
8.054435253143310547e-02
1.444354653358459473e-01
-1.277652084827423096e-01
-5.753573402762413025e-02
-6.592460721731185913e-02
1.095727086067199707e-01
-1.175385713577270508e-02
-2.027453482151031494e-01
7.500891387462615967e-02
1.516257375478744507e-01
-1.665533035993576050e-01
4.497738555073738098e-02
-8.332355320453643799e-02
-1.097392290830612183e-02
-6.162080168724060059e-02
5.650456249713897705e-02
-1.234429553151130676e-01
1.150269061326980591e-01
1.413193941116333008e-01
2.098128758370876312e-02
-2.986927032470703125e-01
1.545213162899017334e-01
-2.070934176445007324e-01
-1.117807030677795410e-01
-9.399500489234924316e-02
1.664370745420455933e-01
-3.773641213774681091e-02
-1.408121897839009762e-03
2.464449703693389893e-01
1.502680331468582153e-01
-2.939959987998008728e-02
-3.725825995206832886e-02
2.240543216466903687e-01
-7.435061782598495483e-02
-1.842567473649978638e-01
2.901584804058074951e-01
3.969275951385498047e-02
-4.699419066309928894e-02
1.134156733751296997e-01
-9.660001844167709351e-03
-1.214714348316192627e-01
-1.679677069187164307e-01
-2.193429619073867798e-01
3.366310894489288330e-01
3.837415203452110291e-02
3.266730010509490967e-01
2.043022364377975464e-01
9.158061444759368896e-02
9.420788288116455078e-02
3.506326377391815186e-01
-2.895689606666564941e-01
-7.956937700510025024e-02
-1.190999001264572144e-01
2.544041909277439117e-02
2.221862077713012695e-01
-1.375803649425506592e-01
3.643711507320404053e-01
3.050592243671417236e-01
3.063791058957576752e-02
-3.246314451098442078e-02
-4.293810576200485229e-02
-1.473226491361856461e-02
1.948074847459793091e-01
1.288203746080398560e-01
