1.762946248054504395e-01
3.666173666715621948e-02
-8.542215824127197266e-02
3.946175873279571533e-01
-8.882336318492889404e-02
-5.691131576895713806e-02
3.299935022369027138e-03
-3.488851785659790039e-01
-1.776860356330871582e-01
-1.093806326389312744e-01
3.165279924869537354e-01
-1.462841331958770752e-01
-8.664140850305557251e-02
-5.925328657031059265e-02
3.934428393840789795e-01
-1.028229296207427979e-01
-1.017365381121635437e-01
-2.145381458103656769e-02
3.361954689025878906e-01
8.767868578433990479e-02
2.894335985183715820e-01
5.468703508377075195e-01
-7.495605945587158203e-02
1.539054661989212036e-01
-1.211178973317146301e-01
3.287557959556579590e-01
2.509728670120239258e-01
3.518773317337036133e-01
-4.087969660758972168e-02
-1.841248720884323120e-01
2.899442315101623535e-01
-1.043319180607795715e-01
3.602296710014343262e-01
1.132368743419647217e-01
-1.534530222415924072e-01
-1.929763108491897583e-01
-7.172708213329315186e-02
1.947620809078216553e-01
2.275060862302780151e-01
3.682735189795494080e-02
-4.723403230309486389e-02
-1.401675641536712646e-01
2.528780996799468994e-01
2.395866215229034424e-01
-9.288252890110015869e-02
1.410627737641334534e-02
4.053002893924713135e-01
3.301125168800354004e-01
2.680253386497497559e-01
-1.040332913398742676e-01
-6.296717375516891479e-02
-3.550410270690917969e-02
8.959824591875076294e-02
3.218104541301727295e-01
-1.963013261556625366e-01
-1.272005885839462280e-01
-5.578390359878540039e-01
-1.018417105078697205e-01
3.432411849498748779e-01
-8.135563135147094727e-02
2.172620147466659546e-01
3.415973186492919922e-01
3.366430401802062988e-01
-6.870219111442565918e-02
-2.789432108402252197e-01
-7.356695830821990967e-02
3.341166377067565918e-01
2.667108178138732910e-01
-2.944367229938507080e-01
3.069717288017272949e-01
3.544831871986389160e-01
2.925845794379711151e-03
-3.481566011905670166e-01
-6.291767209768295288e-02
1.488390658050775528e-02
9.963733702898025513e-02
2.804864896461367607e-03
2.694683670997619629e-01
-2.007824778556823730e-01
3.621022403240203857e-02
2.680627703666687012e-01
-9.165769070386886597e-02
-9.140957146883010864e-02
-9.913626313209533691e-02
3.817259669303894043e-01
3.001674413681030273e-01
2.274659723043441772e-01
2.244944870471954346e-01
3.568696603178977966e-02
-1.071965917944908142e-01
3.392939865589141846e-01
-1.253479719161987305e-01
-7.696693763136863708e-03
1.738804727792739868e-01
4.041226208209991455e-01
3.919846415519714355e-01
-9.965364821255207062e-03
4.531377181410789490e-02
-2.991257309913635254e-01
-9.790773689746856689e-02
