3.219599276781082153e-02
-1.446760296821594238e-01
-1.371002476662397385e-02
8.988387882709503174e-02
-4.662480205297470093e-03
1.123232953250408173e-02
-1.601031571626663208e-01
-5.780256986618041992e-01
3.418751657009124756e-01
-5.262234434485435486e-02
9.366860985755920410e-02
-3.269928991794586182e-01
-8.510618656873703003e-02
-3.423863276839256287e-02
8.458666503429412842e-02
-1.606041565537452698e-02
4.670364037156105042e-02
1.846923083066940308e-01
5.249853059649467468e-02
1.113512635231018066e+00
5.103059113025665283e-02
5.526769757270812988e-01
-1.992860576137900352e-03
-3.702406585216522217e-02
-3.957905620336532593e-02
1.183246821165084839e-02
5.193894356489181519e-02
1.143020763993263245e-01
3.754664659500122070e-01
-1.446218192577362061e-01
3.399357199668884277e-02
-3.842622786760330200e-02
6.428294628858566284e-02
-5.574039220809936523e-01
-1.767441332340240479e-01
-4.418884515762329102e-01
-1.720251739025115967e-01
2.085480093955993652e-01
8.534226566553115845e-02
2.009475976228713989e-01
-3.567978367209434509e-02
-7.791082561016082764e-02
6.646892428398132324e-02
3.645543009042739868e-02
-7.259237580001354218e-03
-2.881966829299926758e-01
1.355598717927932739e-01
6.867974996566772461e-02
2.380502177402377129e-03
-1.974574774503707886e-01
3.220864012837409973e-02
-4.823387041687965393e-02
-1.857711523771286011e-01
6.683074682950973511e-02
-1.749435365200042725e-01
2.171136252582073212e-02
-3.983848989009857178e-01
-1.849722713232040405e-01
4.467312246561050415e-02
2.408199012279510498e-02
8.098202670225873590e-05
9.956097602844238281e-02
9.791985899209976196e-02
1.882027238607406616e-01
-2.157995551824569702e-01
1.706310063600540161e-01
5.648936703801155090e-02
3.639638051390647888e-02
-3.605357706546783447e-01
8.823581039905548096e-02
1.191409975290298462e-01
2.234869599342346191e-01
-2.773201465606689453e-01
-3.534157574176788330e-02
-6.041437387466430664e-02
6.951223313808441162e-02
-1.872600913047790527e-01
9.724680334329605103e-02
-1.690140515565872192e-01
7.459416389465332031e-01
4.818254336714744568e-02
4.585229326039552689e-03
-3.591398522257804871e-02
-2.345196530222892761e-02
1.233121976256370544e-01
7.582657039165496826e-02
7.333238422870635986e-02
1.620570942759513855e-02
-4.005530476570129395e-02
-1.940128803253173828e-01
7.893830537796020508e-02
-2.896306663751602173e-02
-1.294040400534868240e-02
3.118305094540119171e-02
1.327440738677978516e-01
1.123555526137351990e-01
8.619284629821777344e-01
-5.912868306040763855e-02
-1.518944203853607178e-01
-2.559493295848369598e-02
