-1.591538935899734497e-01
1.516593396663665771e-01
-3.404284641146659851e-02
-4.595746472477912903e-02
-1.542275249958038330e-01
1.020539179444313049e-01
3.487717509269714355e-01
-2.474091351032257080e-01
5.392882972955703735e-02
5.504814535379409790e-02
-2.764012478291988373e-02
-1.706780344247817993e-01
-1.705938875675201416e-01
-6.270382553339004517e-02
1.102087795734405518e-01
-1.425784826278686523e-01
1.601146459579467773e-01
3.140072897076606750e-02
-1.499262871220707893e-03
1.103126406669616699e-01
2.817128300666809082e-01
1.063482090830802917e-01
1.623104363679885864e-01
1.079029887914657593e-01
3.275285363197326660e-01
1.881128102540969849e-01
-2.098817229270935059e-01
2.295440286397933960e-01
8.201061934232711792e-02
-4.936815798282623291e-02
-1.504588127136230469e-01
-1.118537709116935730e-01
5.028741434216499329e-02
8.584241569042205811e-02
-7.999621331691741943e-02
-1.508592814207077026e-01
-2.148040384054183960e-01
1.181126013398170471e-01
6.689887028187513351e-03
1.449275761842727661e-01
1.227163448929786682e-01
2.709349393844604492e-01
2.629092633724212646e-01
3.392757475376129150e-02
1.154317781329154968e-01
-4.162869229912757874e-02
2.385401278734207153e-01
-1.201252862811088562e-01
-2.243207022547721863e-02
3.078095056116580963e-02
-2.981882691383361816e-01
2.690168097615242004e-02
-1.707251816987991333e-01
-6.493417173624038696e-02
-3.949885964393615723e-01
-2.892900258302688599e-03
3.192346915602684021e-02
9.140857309103012085e-02
3.091123402118682861e-01
2.728299796581268311e-01
-1.406114399433135986e-01
2.814536914229393005e-02
1.612187772989273071e-01
1.379605829715728760e-01
-3.105703741312026978e-02
-3.142399340867996216e-02
1.124598979949951172e-01
-2.743282616138458252e-01
4.193455912172794342e-03
-2.671988308429718018e-01
1.163339465856552124e-01
7.729153335094451904e-02
1.687908917665481567e-02
1.389047503471374512e-01
-2.823721170425415039e-01
-6.876196712255477905e-02
2.754748761653900146e-01
-4.271887838840484619e-01
-8.162756264209747314e-02
9.821464773267507553e-04
1.180151328444480896e-01
-3.353073596954345703e-01
-3.830740973353385925e-02
-3.377631604671478271e-01
1.105610206723213196e-01
3.348224461078643799e-01
1.276857703924179077e-01
-2.433063089847564697e-01
-4.156826063990592957e-02
-6.135895475745201111e-02
-5.354132503271102905e-02
-4.857355728745460510e-02
-1.163954287767410278e-01
-3.100324422121047974e-02
-3.142318725585937500e-01
7.035437226295471191e-02
-8.053956180810928345e-02
6.924439966678619385e-02
5.666186287999153137e-02
3.478334546089172363e-01
