-1.119489818811416626e-01
-1.060824990272521973e-01
-4.685308039188385010e-02
-1.086071133613586426e-01
2.636109590530395508e-01
1.873092204332351685e-01
1.037974189966917038e-02
-1.256737112998962402e-01
-5.175736173987388611e-02
5.837490037083625793e-02
-6.266650557518005371e-02
-1.419341191649436951e-02
3.874259591102600098e-01
5.303471907973289490e-02
-9.500446170568466187e-02
2.989861965179443359e-01
6.621071696281433105e-02
1.391134969890117645e-02
-1.210374608635902405e-01
-6.412573903799057007e-02
3.364486694335937500e-01
1.314785610884428024e-02
3.538293838500976562e-01
-2.646507322788238525e-01
4.037415683269500732e-01
-6.870333850383758545e-02
3.783496320247650146e-01
-1.595092564821243286e-02
2.981498837471008301e-01
-1.293130666017532349e-01
1.575144007802009583e-02
3.662446737289428711e-01
2.490254342555999756e-01
1.880132779479026794e-02
3.829806447029113770e-01
4.351043701171875000e-02
-9.633594006299972534e-02
3.021042048931121826e-01
-1.079699769616127014e-01
-8.427817374467849731e-03
-1.193413436412811279e-01
5.266561359167098999e-02
3.633247613906860352e-01
6.132825464010238647e-02
-5.822229757905006409e-02
-4.048820212483406067e-02
4.134820401668548584e-01
-3.142697811126708984e-01
-6.241343170404434204e-02
4.600235074758529663e-02
3.301614224910736084e-01
3.603954017162322998e-01
3.677831292152404785e-01
-2.789709530770778656e-02
3.366858065128326416e-01
1.319912225008010864e-01
4.039741158485412598e-01
3.310388326644897461e-01
-3.747656047344207764e-01
2.322694063186645508e-01
-6.886490155011415482e-03
3.952426910400390625e-01
-7.062003761529922485e-02
3.827590346336364746e-01
2.659748196601867676e-01
1.867902278900146484e-01
3.904389441013336182e-01
2.808040380477905273e-01
-1.062593385577201843e-01
-3.301001489162445068e-01
-3.725271821022033691e-01
3.252004086971282959e-01
1.760968007147312164e-02
2.438740059733390808e-02
4.078553318977355957e-01
-3.503632918000221252e-02
-5.048183724284172058e-02
3.164587914943695068e-01
-3.429316878318786621e-01
2.245071083307266235e-01
-9.497940540313720703e-03
3.565605878829956055e-01
-1.025728583335876465e-01
-1.269624233245849609e-01
9.697556495666503906e-02
-4.700976237654685974e-02
-4.413337446749210358e-03
-1.220717504620552063e-01
3.725632131099700928e-01
4.944962263107299805e-02
3.421828150749206543e-01
3.103957176208496094e-01
-9.603511542081832886e-02
2.742236852645874023e-01
-2.056653350591659546e-01
3.261154592037200928e-01
8.257902413606643677e-02
3.646068572998046875e-01
1.415633596479892731e-02
3.727113306522369385e-01
