-4.234507679939270020e-02
1.393850594758987427e-01
-2.212481014430522919e-02
2.474515289068222046e-01
4.773850739002227783e-02
5.315950512886047363e-02
3.333436325192451477e-02
1.711875759065151215e-02
1.446097437292337418e-02
2.999114692211151123e-01
1.893671154975891113e-01
4.130943492054939270e-02
2.321547269821166992e-02
1.029403880238533020e-01
6.215820834040641785e-02
-1.757925301790237427e-01
1.284910589456558228e-01
2.695126533508300781e-01
-8.593674749135971069e-02
-4.286124557256698608e-02
1.246399432420730591e-01
9.867704659700393677e-02
1.820542663335800171e-01
2.456040866672992706e-02
7.448261976242065430e-02
1.026913076639175415e-01
3.295418247580528259e-02
3.239232599735260010e-01
1.245350837707519531e-01
-2.069762535393238068e-02
6.081517040729522705e-02
-5.812216177582740784e-02
1.903218179941177368e-01
3.413671255111694336e-02
-7.361327111721038818e-02
-5.487700551748275757e-02
2.635227516293525696e-02
4.040192347019910812e-03
1.500815451145172119e-01
2.543334960937500000e-01
3.003580123186111450e-02
-2.852871827781200409e-02
1.482669115066528320e-01
1.071633920073509216e-01
1.350349038839340210e-01
-2.178472094237804413e-02
3.840577974915504456e-02
3.256367444992065430e-01
-3.538926243782043457e-01
2.257902324199676514e-01
2.765329778194427490e-01
-1.620419174432754517e-01
2.078876085579395294e-02
-2.486182190477848053e-02
3.562102317810058594e-01
1.252986676990985870e-02
3.564272820949554443e-02
1.916870772838592529e-01
3.393884599208831787e-01
8.050857484340667725e-02
7.435274124145507812e-02
3.026904165744781494e-01
-5.623293109238147736e-04
-1.777451857924461365e-02
3.223849833011627197e-01
2.080477774143218994e-01
-3.149800375103950500e-02
1.290990412235260010e-02
-7.240918278694152832e-02
1.511499881744384766e-01
-2.470013685524463654e-02
6.238757446408271790e-02
2.775897681713104248e-01
2.376564294099807739e-01
3.204713463783264160e-01
-3.338207304477691650e-02
2.892349362373352051e-01
8.346327394247055054e-02
-1.810874342918395996e-01
2.433498799800872803e-01
1.696842759847640991e-01
1.701187156140804291e-02
1.959099620580673218e-01
1.309219747781753540e-01
-8.616321533918380737e-02
-2.002914808690547943e-02
2.490743808448314667e-02
6.053232401609420776e-02
8.605858683586120605e-02
-3.208219632506370544e-02
3.712423741817474365e-01
-3.084070794284343719e-02
4.215826466679573059e-02
3.186460137367248535e-01
7.536139339208602905e-02
3.578143939375877380e-02
-1.314208656549453735e-02
6.761409342288970947e-02
9.542854130268096924e-02
-2.553695626556873322e-02
