3.293741866946220398e-02
4.098182916641235352e-02
-3.885909914970397949e-02
-4.208531603217124939e-02
1.249014064669609070e-01
-2.440500259399414062e-02
-8.634874224662780762e-02
-2.088005691766738892e-01
-3.371291235089302063e-02
1.163150146603584290e-01
1.627194583415985107e-01
1.219894960522651672e-01
-3.642013072967529297e-01
1.345747411251068115e-01
1.063835024833679199e-01
-4.509191587567329407e-02
3.603343665599822998e-02
-7.116680033504962921e-03
-5.249161645770072937e-02
-1.488391216844320297e-02
2.355665527284145355e-02
-2.225844562053680420e-01
-1.021757628768682480e-02
9.970787912607192993e-02
-4.592842981219291687e-02
1.068193372339010239e-02
1.218812987208366394e-01
-3.013087436556816101e-02
-3.634338453412055969e-02
8.409366942942142487e-03
1.106583178043365479e-01
-6.853042542934417725e-02
2.625754661858081818e-02
1.406697928905487061e-02
-2.679698169231414795e-02
7.975800335407257080e-02
-2.866528462618589401e-03
1.603347659111022949e-01
3.401439264416694641e-02
1.836779899895191193e-02
1.273702234029769897e-01
1.360221393406391144e-02
-6.532153487205505371e-02
5.832079332321882248e-04
-2.168443053960800171e-02
2.653637900948524475e-02
1.268595755100250244e-01
1.257082670927047729e-01
-3.320505097508430481e-02
-7.003310322761535645e-01
2.936114072799682617e-01
-2.045649141073226929e-01
-2.509148605167865753e-02
4.745576903223991394e-02
5.741191655397415161e-02
1.249588504433631897e-01
4.079618677496910095e-02
1.378547307103872299e-02
3.648798540234565735e-02
-2.187823131680488586e-02
7.083424925804138184e-02
2.886503562331199646e-02
6.464785337448120117e-02
1.228688051924109459e-03
7.496080547571182251e-02
-1.387058198451995850e-01
1.379941999912261963e-01
-2.285862527787685394e-02
1.079415902495384216e-01
5.765913985669612885e-03
-2.347219735383987427e-03
6.466784398071467876e-04
1.154866442084312439e-01
8.746104687452316284e-02
5.439482629299163818e-02
1.266311258077621460e-01
1.722614839673042297e-02
4.470174387097358704e-02
1.145576462149620056e-01
-6.403804291039705276e-03
-3.796426579356193542e-02
-3.554132580757141113e-01
-9.991683065891265869e-03
2.426298102363944054e-03
-6.609624624252319336e-01
-1.440634205937385559e-02
-3.953546583652496338e-01
-4.992619156837463379e-02
-2.633791267871856689e-01
-2.722654491662979126e-02
5.019451975822448730e-01
-5.037224888801574707e-01
3.176908940076828003e-02
1.854601141531020403e-04
-5.354207754135131836e-01
-3.905598521232604980e-01
2.017903607338666916e-03
1.492537464946508408e-02
-3.600080311298370361e-01
2.900104597210884094e-02
