2.966420352458953857e-02
-9.464009851217269897e-02
-5.970815569162368774e-02
4.173417091369628906e-01
-9.356050193309783936e-02
1.828632131218910217e-02
1.688226126134395599e-02
3.974614441394805908e-01
-8.229564875364303589e-02
-1.622931286692619324e-02
1.518525332212448120e-01
-1.312815248966217041e-01
-1.228997483849525452e-02
-9.900476038455963135e-02
2.509868144989013672e-01
-5.514801293611526489e-02
3.784715831279754639e-01
2.485240846872329712e-01
1.097902804613113403e-01
2.817753255367279053e-01
-3.388227224349975586e-01
9.106885641813278198e-02
2.879827618598937988e-01
-1.921099238097667694e-02
-1.115559935569763184e-01
-1.532354019582271576e-02
1.018467247486114502e-01
-1.060394272208213806e-01
3.709783554077148438e-01
-5.547850579023361206e-02
3.623188138008117676e-01
2.739200592041015625e-01
1.450646523153409362e-04
3.391689956188201904e-01
6.579002737998962402e-01
-7.673534750938415527e-02
2.984143197536468506e-01
2.752986364066600800e-02
-1.948072314262390137e-01
-4.786261357367038727e-03
2.804587185382843018e-01
-2.314091473817825317e-02
-1.233004555106163025e-01
3.498471081256866455e-01
3.032048642635345459e-01
-3.765186667442321777e-02
4.558925982564687729e-03
3.268155455589294434e-01
-1.064140722155570984e-01
1.581870578229427338e-02
-1.168448328971862793e-01
-2.953392080962657928e-02
1.065952586941421032e-03
3.412367105484008789e-01
-6.279000639915466309e-02
1.895767152309417725e-01
5.158170312643051147e-02
-2.563299834728240967e-01
-6.436146795749664307e-02
-1.102974340319633484e-01
2.388726472854614258e-01
6.719689816236495972e-02
-6.386542320251464844e-02
-1.285046339035034180e-01
-1.272098161280155182e-02
-4.313581064343452454e-02
3.742141723632812500e-01
2.703208625316619873e-01
-3.612925410270690918e-01
2.580449283123016357e-01
-1.268527805805206299e-01
3.421165943145751953e-01
-9.553999640047550201e-03
4.984424263238906860e-02
-4.966221749782562256e-02
-1.410599518567323685e-02
-1.266644597053527832e-01
1.508790592197328806e-04
2.811264395713806152e-01
-9.596561640501022339e-02
1.854885928332805634e-02
-8.157101273536682129e-02
4.405826330184936523e-02
8.069789037108421326e-03
1.809604018926620483e-01
-6.108987331390380859e-02
3.354781270027160645e-01
4.052097499370574951e-01
-9.010482579469680786e-02
-1.438893824815750122e-01
6.396602094173431396e-02
5.580477882176637650e-03
3.182575702667236328e-01
1.798025369644165039e-01
2.097375094890594482e-01
-1.338104950264096260e-03
-9.884180873632431030e-02
1.363732367753982544e-01
2.636078894138336182e-01
2.420153319835662842e-01
