-1.063615977764129639e-01
3.090286850929260254e-01
6.386922299861907959e-02
-6.916935741901397705e-02
4.604981094598770142e-02
2.611424326896667480e-01
-2.518412768840789795e-01
1.202594488859176636e-02
1.257126927375793457e-01
1.310218404978513718e-02
-1.231881603598594666e-01
1.979824900627136230e-01
-2.890200316905975342e-01
-6.788665894418954849e-03
2.951834499835968018e-01
3.329800069332122803e-01
-1.595159769058227539e-01
2.489517927169799805e-01
1.672712862491607666e-01
1.456135809421539307e-01
2.957702279090881348e-01
6.465158611536026001e-02
4.174692556262016296e-02
2.401835918426513672e-01
-8.653341233730316162e-02
2.458232194185256958e-01
1.662133447825908661e-02
-4.589085653424263000e-02
-6.663028895854949951e-02
6.358942389488220215e-02
-7.538333535194396973e-02
-5.707008391618728638e-02
4.301051609218120575e-03
3.629196668043732643e-03
-2.002203613519668579e-01
1.290358137339353561e-02
3.155375719070434570e-01
3.108177483081817627e-01
2.341338843107223511e-01
-1.045989766716957092e-01
2.151948511600494385e-01
5.808769911527633667e-02
3.098466806113719940e-02
3.163423240184783936e-01
-5.352890491485595703e-02
7.219281513243913651e-03
-1.220418605953454971e-03
2.868108749389648438e-01
-9.850816801190376282e-03
3.207176625728607178e-01
3.002019524574279785e-01
-7.997422665357589722e-02
-1.230215504765510559e-01
3.615046739578247070e-01
5.493234470486640930e-02
-3.731616213917732239e-02
-7.357403635978698730e-02
2.769693136215209961e-01
-3.359938040375709534e-02
3.609458506107330322e-01
1.509830653667449951e-01
3.203949332237243652e-01
3.081657886505126953e-01
2.962765395641326904e-01
2.907350361347198486e-01
7.340920716524124146e-02
3.818139731884002686e-01
5.488556250929832458e-02
2.378313988447189331e-01
-8.493537455797195435e-02
-6.168356910347938538e-02
-1.634340174496173859e-02
-4.257445409893989563e-02
1.732136905193328857e-01
2.692882716655731201e-01
3.936645090579986572e-01
-1.027876287698745728e-01
-1.124133914709091187e-01
-6.264643371105194092e-02
-2.582682855427265167e-02
3.417092263698577881e-01
-4.966217651963233948e-02
2.917580902576446533e-01
3.211201131343841553e-01
4.227303713560104370e-02
2.410903573036193848e-01
2.706323266029357910e-01
-6.776260584592819214e-02
3.647197186946868896e-01
-1.067982017993927002e-01
3.606782853603363037e-01
-7.987296581268310547e-02
-5.838422849774360657e-02
-4.248822573572397232e-03
1.991858929395675659e-01
-8.663520961999893188e-02
9.632865339517593384e-02
5.085144564509391785e-02
8.057008683681488037e-02
4.318954795598983765e-02
