-7.111983746290206909e-02
7.072766870260238647e-02
2.751967012882232666e-01
-3.360102698206901550e-02
-5.229094997048377991e-02
7.636097818613052368e-02
-2.286278903484344482e-01
6.816660054028034210e-03
2.780943810939788818e-01
-6.244297325611114502e-02
4.138763062655925751e-03
-2.766728401184082031e-03
-7.941243052482604980e-01
-6.178673356771469116e-05
3.915836662054061890e-02
1.252922266721725464e-01
-3.714038804173469543e-02
6.992193311452865601e-02
1.199627481400966644e-02
2.686469256877899170e-02
8.122766017913818359e-02
-4.687601700425148010e-02
-1.407444663345813751e-02
2.584177628159523010e-02
-3.115070797502994537e-02
2.138036303222179413e-02
-3.326307237148284912e-01
-4.614526033401489258e-02
1.729248277842998505e-02
-3.500110656023025513e-02
-1.783556799637153745e-04
-1.905095763504505157e-02
-5.759016796946525574e-02
-5.496504902839660645e-02
-3.923436999320983887e-01
1.125241350382566452e-02
3.432915732264518738e-02
5.516352504491806030e-02
2.007257938385009766e-02
5.942463409155607224e-03
1.270988606847822666e-03
-3.031780570745468140e-02
-1.670151762664318085e-02
9.483928978443145752e-02
1.379151456058025360e-02
-2.739307284355163574e-02
-1.701484993100166321e-02
9.333969652652740479e-02
5.171723198145627975e-03
1.056279391050338745e-01
6.623208522796630859e-02
-9.570607915520668030e-03
-3.063270822167396545e-02
3.760591149330139160e-02
-7.834458351135253906e-02
-5.821955390274524689e-03
-5.558371171355247498e-02
7.903013378381729126e-02
2.972454577684402466e-02
1.278018206357955933e-01
-9.880565106868743896e-02
5.223642662167549133e-02
1.058385297656059265e-01
1.058678254485130310e-01
7.361844182014465332e-02
-4.671439900994300842e-02
9.575510025024414062e-02
-5.216330662369728088e-02
5.051468685269355774e-02
-5.868048220872879028e-02
-2.916978895664215088e-01
-1.361514721065759659e-02
1.426167692989110947e-02
2.551843877881765366e-03
4.915704950690269470e-02
1.480416059494018555e-01
-2.909740246832370758e-02
1.269910577684640884e-02
-3.848068416118621826e-02
-2.330025285482406616e-01
9.441762417554855347e-02
1.294390410184860229e-01
1.085958704352378845e-01
6.255285441875457764e-02
-1.872199587523937225e-02
3.080970374867320061e-03
7.888528704643249512e-02
3.408624231815338135e-01
1.029468253254890442e-01
3.702741861343383789e-01
1.848213225603103638e-01
-7.550400681793689728e-03
-5.209167674183845520e-02
-6.015148945152759552e-03
3.087758719921112061e-01
1.054178327322006226e-01
-4.876404069364070892e-03
1.739397458732128143e-02
1.142404973506927490e-01
-7.508917152881622314e-02
