-1.252671424299478531e-02
-1.460350155830383301e-01
9.606365114450454712e-02
9.846367686986923218e-02
-2.846359089016914368e-02
2.032628096640110016e-02
-4.301740229129791260e-02
6.299563497304916382e-02
-4.156884551048278809e-02
-1.359487473964691162e-01
-6.552294641733169556e-02
1.147130876779556274e-01
8.983360975980758667e-02
1.064359918236732483e-01
8.308713883161544800e-02
7.658836245536804199e-02
-8.049990236759185791e-02
1.513201929628849030e-02
1.320735812187194824e-01
1.119384989142417908e-01
-3.471783548593521118e-02
6.943992525339126587e-02
-3.783547878265380859e-02
-2.593908905982971191e-01
-1.115240389481186867e-03
7.097841054201126099e-02
-2.842758782207965851e-02
2.493997663259506226e-01
-1.428094804286956787e-01
1.108759921044111252e-02
1.092526018619537354e-01
5.880995094776153564e-02
8.720185607671737671e-02
-8.436866104602813721e-03
-6.427608430385589600e-02
-1.033599395304918289e-02
-2.079834602773189545e-02
4.354133456945419312e-02
1.668525300920009613e-02
-3.679734468460083008e-01
-2.582853436470031738e-01
-3.576651513576507568e-01
7.879190891981124878e-02
2.801358327269554138e-02
-2.467078119516372681e-01
8.942194283008575439e-02
1.456917673349380493e-01
5.406640097498893738e-02
5.844313278794288635e-02
1.227984786964952946e-03
-1.679605841636657715e-01
5.320664867758750916e-02
8.143053203821182251e-02
1.149947941303253174e-01
8.759989589452743530e-02
-5.249585583806037903e-02
1.397921890020370483e-01
4.824506491422653198e-02
7.119894027709960938e-02
5.071628466248512268e-02
2.112897112965583801e-02
4.062389209866523743e-02
-1.494017429649829865e-02
-5.127880349755287170e-02
1.187183856964111328e-01
-2.049351483583450317e-02
-1.931678317487239838e-02
-9.434018284082412720e-02
1.503967493772506714e-02
-3.253642842173576355e-02
-1.830150336027145386e-01
1.178940385580062866e-01
-1.403056737035512924e-02
-4.179264232516288757e-02
-7.207876443862915039e-02
6.933521479368209839e-02
1.512361764907836914e-01
1.209488436579704285e-01
-4.717513173818588257e-02
3.636631416156888008e-03
8.628226816654205322e-02
1.221317127346992493e-01
6.104109436273574829e-02
2.033939510583877563e-01
-1.216303440742194653e-03
1.354189366102218628e-01
-5.461343750357627869e-02
-2.713935263454914093e-02
-2.219972573220729828e-02
-4.563689697533845901e-03
1.281757801771163940e-01
8.453022688627243042e-02
-7.372654229402542114e-02
-5.732094049453735352e-01
5.890722200274467468e-02
-7.861898094415664673e-02
5.477669462561607361e-02
-3.844184568151831627e-03
-6.248480081558227539e-02
-1.143169961869716644e-02
