9.965879470109939575e-02
3.157595917582511902e-02
-2.330305986106395721e-02
1.009162887930870056e-01
6.018274649977684021e-02
1.453143656253814697e-01
-8.301001042127609253e-03
-7.752536237239837646e-02
-7.100009918212890625e-02
-5.424167960882186890e-02
-1.143619716167449951e-01
2.184869945049285889e-01
-1.157257589511573315e-03
-3.375931456685066223e-02
1.809859722852706909e-01
4.566629603505134583e-02
-6.942396610975265503e-02
1.885980665683746338e-01
2.229899615049362183e-01
6.298080831766128540e-02
-5.332843959331512451e-02
8.073944598436355591e-02
1.758923940360546112e-02
-1.255102753639221191e-01
2.392559945583343506e-01
2.537370100617408752e-02
-3.180621191859245300e-03
-3.203551098704338074e-02
2.024164348840713501e-01
-1.751743257045745850e-02
6.739768665283918381e-03
1.414373368024826050e-01
1.196616142988204956e-01
2.604251801967620850e-01
8.395475149154663086e-02
4.869487881660461426e-02
-4.825766757130622864e-02
-1.323862373828887939e-01
-1.320650279521942139e-01
7.336286455392837524e-02
-6.244591251015663147e-02
1.773637533187866211e-01
2.901986837387084961e-01
7.474342733621597290e-02
1.189983263611793518e-01
1.558716148138046265e-01
1.008194312453269958e-01
8.491344004869461060e-02
2.600551545619964600e-01
1.492394655942916870e-01
-4.237728193402290344e-02
3.117571473121643066e-01
4.919072985649108887e-02
1.001703888177871704e-01
-7.001102901995182037e-03
1.315566003322601318e-01
8.716629445552825928e-02
-8.641079813241958618e-02
7.503810524940490723e-02
-4.564524814486503601e-02
-4.150559380650520325e-02
-1.042703166604042053e-01
1.438321918249130249e-01
5.373074859380722046e-02
-3.118925541639328003e-02
7.768874522298574448e-03
7.898940891027450562e-02
2.238373011350631714e-01
-2.609905786812305450e-02
7.007572054862976074e-02
9.223408252000808716e-02
-1.255704164505004883e-01
-1.332081668078899384e-02
1.151512190699577332e-01
1.286637783050537109e-01
1.746851503849029541e-01
1.385950446128845215e-01
1.054890826344490051e-01
-2.084537781774997711e-02
8.597757667303085327e-02
2.968150079250335693e-01
-3.582417219877243042e-02
8.122942596673965454e-02
3.432434424757957458e-02
2.393424808979034424e-01
-7.288325577974319458e-02
6.115521863102912903e-02
9.919817000627517700e-02
2.962523400783538818e-01
8.203094452619552612e-02
-9.233862161636352539e-02
2.766589224338531494e-01
2.632725238800048828e-01
1.280771289020776749e-02
4.274226352572441101e-02
6.899758428335189819e-02
2.281265854835510254e-01
5.391513556241989136e-02
-5.389369651675224304e-02
1.190400645136833191e-01
