2.208535522222518921e-01
-6.368149537593126297e-03
1.020383089780807495e-03
1.125378534197807312e-01
-2.512753941118717194e-03
-1.475838422775268555e-01
1.324314028024673462e-01
8.143568783998489380e-02
-1.782044768333435059e-02
-4.572262521833181381e-03
-1.341293752193450928e-01
7.738932967185974121e-02
3.758129850029945374e-02
1.407268643379211426e-01
-9.029064327478408813e-03
-1.496685147285461426e-01
2.825826033949851990e-02
-3.194518387317657471e-02
-4.413394257426261902e-02
-9.203519672155380249e-03
3.422576119191944599e-04
6.062445417046546936e-02
2.522411756217479706e-02
8.901429921388626099e-02
1.080825179815292358e-02
1.490134149789810181e-01
-3.112653829157352448e-02
2.634698152542114258e-01
-5.026023462414741516e-02
8.212655782699584961e-03
-1.567147672176361084e-01
1.623176932334899902e-01
3.847673535346984863e-02
5.738088861107826233e-03
7.150212675333023071e-02
4.662540555000305176e-02
5.818008258938789368e-02
-4.782566726207733154e-01
1.085444688796997070e-01
-1.215800642967224121e-01
-4.134691134095191956e-02
5.129154399037361145e-02
-1.138801574707031250e-01
-7.955073378980159760e-03
8.603444695472717285e-02
-4.515597224235534668e-02
9.745060652494430542e-02
-1.572012156248092651e-02
-3.136118873953819275e-02
6.391249597072601318e-02
1.476461738348007202e-01
-2.522644028067588806e-02
3.015439212322235107e-02
1.031661555171012878e-01
1.306744664907455444e-01
1.175563409924507141e-01
1.649331003427505493e-01
-6.956995278596878052e-02
-2.200414426624774933e-02
-7.453238219022750854e-02
-7.598809152841567993e-02
7.982200384140014648e-02
-6.134521588683128357e-02
2.352482080459594727e-02
-1.107063703238964081e-02
3.134285286068916321e-02
6.535110063850879669e-03
-3.309621810913085938e-01
-9.735915809869766235e-02
7.417897880077362061e-02
1.156938672065734863e-01
5.868738517165184021e-02
3.750258684158325195e-02
4.962888956069946289e-01
-1.232745707966387272e-03
-1.314514875411987305e-02
-3.568873926997184753e-02
-4.212669134140014648e-01
-6.934667006134986877e-03
-4.005281254649162292e-02
1.322158128023147583e-01
-1.323118992149829865e-02
1.159047260880470276e-01
1.077644303441047668e-01
-2.814752282574772835e-03
3.832135722041130066e-02
-3.794693946838378906e-01
1.066261753439903259e-01
-2.134951353073120117e-01
9.754767268896102905e-02
-1.276328042149543762e-02
9.592798352241516113e-02
7.346414029598236084e-02
5.147463642060756683e-03
-4.913408458232879639e-01
2.597362920641899109e-02
1.505240425467491150e-02
-1.910915784537792206e-02
-6.444839239120483398e-01
2.804011292755603790e-02
