2.082737386226654053e-01
6.583285331726074219e-02
1.501471251249313354e-01
2.413329333066940308e-01
-1.076058298349380493e-01
-4.812565147876739502e-01
-2.426591888070106506e-02
4.335022270679473877e-01
2.491178661584854126e-01
1.936691850423812866e-01
2.727580070495605469e-01
-1.833222955465316772e-01
-1.112786009907722473e-01
1.826006919145584106e-01
2.163953781127929688e-01
-6.413085013628005981e-02
2.963429689407348633e-01
-5.251762922853231430e-03
3.131233751773834229e-01
2.254394292831420898e-01
1.904763281345367432e-01
-3.377896919846534729e-02
-1.613092869520187378e-01
-8.436050266027450562e-02
2.549063861370086670e-01
-2.876066043972969055e-02
2.946543693542480469e-01
1.817844212055206299e-01
2.395960986614227295e-01
-1.196692064404487610e-01
-5.502331629395484924e-02
3.921567201614379883e-01
2.761152386665344238e-02
3.160298466682434082e-01
2.285726666450500488e-01
5.549300834536552429e-02
2.161834686994552612e-01
2.491491138935089111e-01
2.392153739929199219e-01
-2.165519073605537415e-02
-7.316166907548904419e-02
2.633622586727142334e-01
1.003993228077888489e-01
-1.250855624675750732e-01
-9.590296447277069092e-02
-2.440309822559356689e-01
1.765220761299133301e-01
-6.358843296766281128e-02
1.502304710447788239e-02
4.461399018764495850e-01
1.824792660772800446e-02
-3.848792016506195068e-01
3.214693069458007812e-02
-2.090176939964294434e-02
5.632193014025688171e-02
2.311904579401016235e-01
-1.478488650172948837e-02
4.137043654918670654e-02
3.442750275135040283e-01
-3.843344002962112427e-02
1.542019695043563843e-01
3.454340249300003052e-02
1.183416917920112610e-01
1.053373292088508606e-01
-1.864700615406036377e-01
-1.667105555534362793e-01
-1.481111906468868256e-02
3.192948698997497559e-01
1.928025931119918823e-01
6.169896945357322693e-02
-1.567456722259521484e-01
1.919779479503631592e-01
-8.368985354900360107e-02
2.625360190868377686e-01
2.513342797756195068e-01
-1.160356551408767700e-01
-8.603445440530776978e-02
3.228158354759216309e-01
-1.258818656206130981e-01
2.239774316549301147e-01
3.489258233457803726e-03
-1.859421581029891968e-01
-2.829061262309551239e-02
5.052561685442924500e-02
2.801510691642761230e-01
-9.795588254928588867e-02
1.794712394475936890e-01
-3.176581859588623047e-02
5.149799957871437073e-02
-3.709459006786346436e-01
1.596504747867584229e-01
1.730472594499588013e-01
1.441910564899444580e-01
3.127380311489105225e-01
-6.048426777124404907e-02
-4.547786712646484375e-02
1.752122491598129272e-01
-1.306359916925430298e-01
-2.881558239459991455e-01
3.272013664245605469e-01
