2.323246449232101440e-01
3.247182071208953857e-01
3.174515068531036377e-01
2.355194240808486938e-01
-3.876718133687973022e-02
-1.810394786298274994e-02
3.726330399513244629e-01
-7.601897697895765305e-03
3.269183039665222168e-01
-9.383969008922576904e-03
2.587159574031829834e-01
2.152256220579147339e-01
-1.345257610082626343e-01
2.339833229780197144e-02
-2.943297475576400757e-02
6.644518580287694931e-03
-6.491051614284515381e-02
-6.990940868854522705e-02
-6.709487736225128174e-02
1.007715612649917603e-02
3.019260764122009277e-01
-1.288173645734786987e-01
3.651647130027413368e-03
-2.194279432296752930e-02
6.963796168565750122e-02
2.972545623779296875e-01
-2.505435347557067871e-01
2.780005037784576416e-01
-2.648632042109966278e-02
4.554582387208938599e-02
3.710340857505798340e-01
-1.713340580463409424e-01
3.620781004428863525e-02
2.447026371955871582e-01
3.443843424320220947e-01
-5.526736006140708923e-02
9.402147494256496429e-03
2.951495647430419922e-01
3.965190052986145020e-02
-5.021961778402328491e-02
3.853661715984344482e-01
2.492995709180831909e-01
-1.814095228910446167e-01
-2.636971883475780487e-02
3.441620767116546631e-01
3.021139502525329590e-01
-4.933731257915496826e-02
-1.088264957070350647e-02
3.366890251636505127e-01
-8.784589916467666626e-02
2.725674510002136230e-01
-4.299219697713851929e-02
3.464672267436981201e-01
-4.756360128521919250e-02
-2.752543389797210693e-01
6.317901611328125000e-02
2.654953896999359131e-01
-4.550738632678985596e-02
-1.069213673472404480e-01
4.059620499610900879e-01
2.930656969547271729e-01
-1.110916212201118469e-01
4.113242328166961670e-01
2.137726098299026489e-01
3.818455338478088379e-01
-1.421217918395996094e-01
-1.203096136450767517e-01
-4.904793109744787216e-03
6.525097042322158813e-02
-2.663821876049041748e-01
-8.529464155435562134e-02
3.594150841236114502e-01
-8.388552814722061157e-02
-2.732197940349578857e-02
2.246566563844680786e-01
3.441397547721862793e-01
2.494184486567974091e-02
2.195269614458084106e-01
3.214208781719207764e-01
3.946569561958312988e-01
4.549644514918327332e-02
-4.074822366237640381e-02
-1.303942594677209854e-02
1.114779245108366013e-02
-6.283134967088699341e-02
2.257438451051712036e-01
2.829273939132690430e-01
-1.215068548917770386e-01
-7.363458164036273956e-03
-8.630406856536865234e-02
5.877398326992988586e-02
-1.924725435674190521e-02
-7.787979394197463989e-02
-3.277387877460569143e-04
2.450226992368698120e-01
-1.493431255221366882e-02
4.014357030391693115e-01
4.061577916145324707e-01
-5.135396122932434082e-02
6.376092135906219482e-02
