5.285847932100296021e-02
9.478776156902313232e-02
1.427503228187561035e-01
7.717235945165157318e-03
9.694084525108337402e-03
1.737438328564167023e-02
1.451587080955505371e-01
-1.903989538550376892e-02
1.227336451411247253e-01
1.498742843978106976e-03
2.823258638381958008e-01
4.489320330321788788e-03
-3.599200397729873657e-02
-1.090100267902016640e-03
-1.798098906874656677e-02
-2.294934913516044617e-02
-2.332520298659801483e-02
-9.734950214624404907e-02
-4.052845016121864319e-02
-1.795258186757564545e-02
1.492851879447698593e-02
1.202751416712999344e-03
-1.750873588025569916e-02
5.239159613847732544e-02
-9.289566427469253540e-03
4.961754009127616882e-02
-3.390080332756042480e-01
2.898819148540496826e-01
-5.373104941099882126e-03
-6.722704321146011353e-02
6.722724437713623047e-02
-1.120796501636505127e-01
-1.650064811110496521e-02
3.918815776705741882e-02
5.913412943482398987e-02
-1.559048891067504883e-02
-8.092617243528366089e-02
1.230896264314651489e-01
2.318967133760452271e-01
-2.738228999078273773e-02
7.468412816524505615e-02
4.397743847221136093e-03
-1.158222630620002747e-01
1.449793460778892040e-03
1.212669312953948975e-01
4.868190735578536987e-02
-2.564698271453380585e-02
-7.059166207909584045e-03
1.211029738187789917e-01
-1.322388648986816406e-02
5.566013604402542114e-02
-2.502118609845638275e-02
1.109780147671699524e-01
2.084025181829929352e-04
-2.088429182767868042e-01
1.512420028448104858e-01
5.697005614638328552e-02
-1.107746921479701996e-02
5.644664168357849121e-03
1.378392577171325684e-01
6.912487745285034180e-02
6.433378905057907104e-02
1.486356407403945923e-01
1.090850979089736938e-01
1.264168918132781982e-01
-5.749413967132568359e-01
-5.800612643361091614e-02
-2.868752181529998779e-02
-5.966331344097852707e-03
-4.749539494514465332e-01
-1.256435085088014603e-02
1.330414861440658569e-01
2.900211513042449951e-02
-1.778520345687866211e-01
3.209009394049644470e-02
8.264204114675521851e-02
6.281646434217691422e-03
5.944560840725898743e-02
7.264714688062667847e-02
1.314813941717147827e-01
-5.053906142711639404e-02
-6.656496226787567139e-02
2.302504703402519226e-02
-8.115511387586593628e-02
-1.509485184215009212e-03
4.808227345347404480e-02
4.529438540339469910e-02
4.980852454900741577e-02
-7.093529403209686279e-02
-6.737378984689712524e-02
-7.160141319036483765e-02
-2.909540943801403046e-02
1.066254731267690659e-02
-1.236502546817064285e-02
2.802750654518604279e-02
-1.503240019083023071e-01
1.314270794391632080e-01
1.048193424940109253e-01
-4.695812240242958069e-02
-9.291836060583591461e-03
