2.611563503742218018e-01
-5.982188880443572998e-02
1.434972584247589111e-01
2.595857381820678711e-01
3.418467938899993896e-02
8.227625489234924316e-02
4.797621071338653564e-02
5.387640371918678284e-02
2.829264998435974121e-01
3.002425134181976318e-01
2.982948906719684601e-02
-1.250636726617813110e-01
1.185889765620231628e-01
-2.210580371320247650e-02
1.599400117993354797e-02
1.234728544950485229e-01
6.961998343467712402e-02
8.391625434160232544e-02
2.353206127882003784e-01
2.296277582645416260e-01
1.573575139045715332e-01
1.310360431671142578e-01
-1.657643318176269531e-01
5.736576020717620850e-02
2.620796300470829010e-02
1.174140349030494690e-01
-2.903448790311813354e-02
4.773613065481185913e-02
-9.907713532447814941e-02
2.658444643020629883e-01
2.622241377830505371e-01
2.624033093452453613e-01
1.424382776021957397e-01
2.316287606954574585e-01
9.047229588031768799e-02
1.318540871143341064e-01
1.999233961105346680e-01
1.321820765733718872e-01
-3.478464484214782715e-02
-1.184939034283161163e-02
-5.679076164960861206e-02
-3.610896412283182144e-03
-2.598882652819156647e-02
2.084469497203826904e-01
1.052825301885604858e-01
-8.422737941145896912e-03
-9.899093769490718842e-03
1.083472445607185364e-01
-8.330021053552627563e-02
-7.037357427179813385e-03
-4.914439097046852112e-02
1.654115170240402222e-01
-2.701302468776702881e-01
2.553067542612552643e-02
-3.794084116816520691e-02
-1.401207596063613892e-01
1.193950325250625610e-01
2.297414280474185944e-02
5.920653790235519409e-02
1.878699809312820435e-01
-1.464917883276939392e-02
-4.106106236577033997e-02
-2.180542051792144775e-02
8.598693460226058960e-02
-8.845037966966629028e-02
-1.095318049192428589e-01
7.571724802255630493e-02
2.384464815258979797e-02
1.042618751525878906e-01
5.431430414319038391e-02
1.538663506507873535e-01
9.016925841569900513e-02
-4.972110502421855927e-03
-6.956874392926692963e-03
4.552923142910003662e-02
-7.627214491367340088e-02
9.162066131830215454e-02
1.503038126975297928e-02
3.126443549990653992e-02
-2.583198621869087219e-02
2.393485605716705322e-01
2.591852843761444092e-02
-8.181722462177276611e-02
1.697568222880363464e-02
2.967572025954723358e-02
1.018159762024879456e-01
5.639985203742980957e-02
2.587368190288543701e-01
-6.366986781358718872e-02
9.723439067602157593e-02
4.741571471095085144e-02
3.926799446344375610e-02
-1.620749756693840027e-02
-1.280452758073806763e-01
-1.260577738285064697e-01
-8.122976869344711304e-02
1.763987690210342407e-01
3.116319775581359863e-01
2.092965990304946899e-01
1.064729038625955582e-02
