-5.065011791884899139e-03
1.505029797554016113e-01
-1.976153254508972168e-02
3.441426903009414673e-02
-8.133894205093383789e-02
4.594278335571289062e-02
4.427290335297584534e-02
-5.449086055159568787e-02
-6.362059712409973145e-02
7.988715916872024536e-02
4.301982000470161438e-02
-2.996813133358955383e-02
-1.714152842760086060e-02
4.690790921449661255e-02
7.766903042793273926e-01
8.564741164445877075e-02
-2.736314386129379272e-02
1.568528264760971069e-01
3.280619382858276367e-01
-3.649370968341827393e-01
1.110969930887222290e-01
7.144530117511749268e-02
2.544371038675308228e-02
1.280350238084793091e-01
-1.108557358384132385e-02
-3.095543086528778076e-01
-3.356969729065895081e-02
1.176375523209571838e-02
-6.421332955360412598e-01
7.352518439292907715e-01
-2.044213265180587769e-01
1.840649843215942383e-01
-1.714875847101211548e-01
9.963823109865188599e-02
8.864013850688934326e-02
-6.020973995327949524e-02
1.056558415293693542e-01
1.397994533181190491e-02
7.965080440044403076e-02
-3.494982421398162842e-02
8.098422735929489136e-02
-4.356398582458496094e-01
-2.745240693911910057e-03
2.122474834322929382e-02
6.209079176187515259e-02
-1.428794953972101212e-02
-3.176586627960205078e-01
2.310147434473037720e-01
4.370164573192596436e-01
1.428275462239980698e-02
9.369023144245147705e-02
2.597877942025661469e-02
-1.670068502426147461e-02
7.117843627929687500e-02
-4.927562549710273743e-02
1.905713416635990143e-02
5.883613228797912598e-02
-1.876460760831832886e-01
3.552022948861122131e-02
1.058644279837608337e-01
-1.226377673447132111e-02
-4.657507315278053284e-02
5.158380139619112015e-03
-7.954800873994827271e-02
7.403670996427536011e-02
1.256667077541351318e-01
-1.648985892534255981e-01
-3.794671595096588135e-02
2.333567477762699127e-03
-4.542713761329650879e-01
-2.717992365360260010e-01
7.009761035442352295e-02
7.576745748519897461e-02
-4.649622365832328796e-03
-2.386442199349403381e-02
1.222180649638175964e-01
-5.772511940449476242e-03
-4.622804000973701477e-02
1.661221832036972046e-01
-2.702710032463073730e-02
-4.198393225669860840e-02
2.538457885384559631e-02
3.821138665080070496e-02
1.354187726974487305e-02
1.099803224205970764e-01
8.719471096992492676e-02
3.099808096885681152e-02
1.543292105197906494e-01
4.061716422438621521e-02
-3.730431571602821350e-02
1.333005726337432861e-02
-5.092127248644828796e-03
-5.322747677564620972e-02
5.520418658852577209e-02
7.317541539669036865e-02
2.307792603969573975e-01
7.618189603090286255e-02
1.742302626371383667e-02
-2.093135714530944824e-01
-3.608795404434204102e-01
