3.288640379905700684e-01
3.132188022136688232e-01
3.148719072341918945e-01
-8.330194652080535889e-02
1.681039035320281982e-01
2.310993075370788574e-01
1.033472865819931030e-01
4.298110306262969971e-02
1.221989095211029053e-02
-6.074769422411918640e-02
-3.383078426122665405e-02
3.217957913875579834e-01
-7.082694768905639648e-02
-1.173746287822723389e-01
-9.004924446344375610e-02
2.926038503646850586e-01
3.200733065605163574e-01
-3.099817931652069092e-01
2.739882767200469971e-01
2.909141182899475098e-01
3.245733678340911865e-01
4.145655632019042969e-01
4.183022975921630859e-01
-3.063125908374786377e-01
-3.404162824153900146e-02
-7.628089934587478638e-02
4.202785789966583252e-01
-8.244441449642181396e-02
-3.145091235637664795e-02
-3.396288156509399414e-01
-2.011367380619049072e-01
2.772983908653259277e-01
3.463592529296875000e-01
3.519552573561668396e-02
-1.318498421460390091e-02
-2.737830160185694695e-03
4.109427332878112793e-01
3.439449369907379150e-01
3.423156142234802246e-01
-1.688594371080398560e-01
-4.626885987818241119e-03
3.016556501388549805e-01
4.173726439476013184e-01
-3.109721243381500244e-01
3.148093819618225098e-01
3.448693454265594482e-01
3.751274645328521729e-01
-3.052881360054016113e-01
3.642415404319763184e-01
-9.763972461223602295e-02
3.973073363304138184e-01
-9.090501070022583008e-01
-2.464492991566658020e-02
3.787088096141815186e-01
-3.028763234615325928e-01
-2.767836749553680420e-01
-6.516711413860321045e-02
3.438831865787506104e-01
-9.951612353324890137e-02
2.709565460681915283e-01
-1.672164946794509888e-01
3.910036683082580566e-01
-4.282009899616241455e-01
4.138244688510894775e-01
-9.820207208395004272e-02
-9.521898813545703888e-03
2.738095521926879883e-01
3.305433318018913269e-02
-1.126821152865886688e-02
2.400129735469818115e-01
1.425883825868368149e-02
-3.057254254817962646e-01
2.801108658313751221e-01
2.885589003562927246e-01
-5.882840976119041443e-02
-7.044345885515213013e-02
3.036904931068420410e-01
3.285535573959350586e-01
-3.174156546592712402e-01
4.338285326957702637e-01
-2.492237985134124756e-01
-8.226560801267623901e-02
1.628676801919937134e-01
-2.940850704908370972e-02
-8.907748013734817505e-02
3.808806240558624268e-01
-7.987383008003234863e-02
-7.839810103178024292e-02
2.082406431436538696e-01
4.751668125391006470e-02
3.783603608608245850e-01
-1.285686939954757690e-01
-3.743572533130645752e-02
-2.044589072465896606e-02
3.953793644905090332e-01
-1.358639001846313477e-01
-7.569034397602081299e-02
3.835247457027435303e-01
3.452167212963104248e-01
-1.645580977201461792e-01
