1.233935542404651642e-02
-6.417869329452514648e-01
2.549341320991516113e-01
2.174675613641738892e-01
2.377067357301712036e-01
5.408604815602302551e-02
2.227435410022735596e-01
-7.358849793672561646e-02
-8.666432648897171021e-02
-1.798621118068695068e-01
1.962636262178421021e-01
7.130938172340393066e-01
-1.767356134951114655e-02
3.178429305553436279e-01
-1.982714682817459106e-01
-2.233624309301376343e-01
-1.110076084733009338e-01
-1.070627346634864807e-01
3.328458070755004883e-01
-1.183906719088554382e-01
2.153787463903427124e-01
7.602486014366149902e-02
-7.832971960306167603e-02
-1.328119486570358276e-01
2.801063656806945801e-01
-1.310359835624694824e-01
-1.309138685464859009e-01
7.718120515346527100e-02
-8.446191251277923584e-02
-1.744037270545959473e-01
-1.197688952088356018e-01
-1.287856251001358032e-01
1.802303344011306763e-01
2.711225450038909912e-01
-1.599679887294769287e-01
1.738149672746658325e-01
3.182101845741271973e-01
3.514276444911956787e-01
-2.179365791380405426e-02
-4.931786358356475830e-01
-2.845928966999053955e-01
-1.264881789684295654e-01
-1.456626802682876587e-01
1.783447265625000000e-01
3.284968808293342590e-02
2.518242597579956055e-02
1.352246552705764771e-01
2.127249836921691895e-01
9.076475352048873901e-02
-5.193326249718666077e-02
-9.127356410026550293e-01
-2.285101562738418579e-01
2.366092205047607422e-01
1.980443298816680908e-01
-5.421109497547149658e-02
-5.239859968423843384e-02
-1.126812547445297241e-01
-1.999337822198867798e-01
1.547005120664834976e-02
1.272319816052913666e-02
3.269827067852020264e-01
3.711458668112754822e-02
2.397567629814147949e-01
-3.563399016857147217e-01
2.721716463565826416e-01
4.397885408252477646e-03
-1.927513033151626587e-01
-4.891448467969894409e-02
4.940210655331611633e-02
-7.909955456852912903e-03
-7.342195510864257812e-02
-2.283200174570083618e-01
3.169857263565063477e-01
3.652279376983642578e-01
3.232873678207397461e-01
-4.254187047481536865e-01
3.338459730148315430e-01
-7.423835992813110352e-02
7.019571214914321899e-02
-4.971869289875030518e-02
-1.645048856735229492e-01
2.761255204677581787e-01
-2.759031355381011963e-01
1.530159711837768555e-01
-9.223579429090023041e-03
1.099401712417602539e-02
2.233627438545227051e-01
-1.052504107356071472e-01
-2.461769580841064453e-01
-4.367732629179954529e-02
2.526910603046417236e-01
4.311288893222808838e-02
1.712531000375747681e-01
2.905237078666687012e-01
2.369044423103332520e-01
1.602477580308914185e-01
4.973517060279846191e-01
-4.973527044057846069e-03
1.495914459228515625e-01
-7.593868672847747803e-02
