-2.167100273072719574e-02
-4.474939107894897461e-01
4.876546189188957214e-02
7.727614045143127441e-02
6.670223176479339600e-02
-6.419267505407333374e-02
8.376628160476684570e-02
-5.900440737605094910e-03
1.552513800561428070e-02
-2.096118181943893433e-01
1.386543177068233490e-02
5.576537847518920898e-01
2.126996368169784546e-01
1.334874778985977173e-01
-3.389022946357727051e-01
-2.223118990659713745e-01
-5.719144642353057861e-02
-2.159555107355117798e-01
8.559995889663696289e-02
-1.480903327465057373e-01
9.343808144330978394e-02
-1.043158583343029022e-02
-2.046600580215454102e-01
6.789138074964284897e-03
9.802891314029693604e-02
-1.454345285892486572e-01
-2.049833983182907104e-01
-2.518566250801086426e-01
-2.135474234819412231e-01
-2.052888721227645874e-01
-4.228016436100006104e-01
-5.871574208140373230e-02
4.321964830160140991e-02
5.664125084877014160e-02
-3.889412283897399902e-01
4.802797362208366394e-02
6.282695382833480835e-02
1.313227415084838867e-01
2.653329260647296906e-02
-2.967826724052429199e-01
-1.859270185232162476e-01
-2.752792462706565857e-02
5.851184949278831482e-02
7.339530438184738159e-02
-2.610549889504909515e-02
1.840044260025024414e-01
1.013026610016822815e-01
2.860670164227485657e-02
-3.029590705409646034e-03
1.409414410591125488e-02
-8.607103228569030762e-01
-1.926290094852447510e-01
5.439608544111251831e-02
7.075218111276626587e-02
-2.979716360569000244e-01
-1.955967396497726440e-01
-3.787925541400909424e-01
-2.054012864828109741e-01
-1.645779237151145935e-02
-2.313156723976135254e-01
7.122085988521575928e-02
-2.016448415815830231e-02
1.495944801717996597e-02
-4.550172388553619385e-01
1.114988252520561218e-01
4.142433870583772659e-03
-3.800804913043975830e-01
-1.568856649100780487e-02
-5.780943483114242554e-02
-2.704456634819507599e-02
2.560194134712219238e-01
-2.222685366868972778e-01
4.128120467066764832e-02
1.260351687669754028e-01
1.391874104738235474e-01
-2.223547101020812988e-01
9.173378348350524902e-02
1.639674976468086243e-02
2.488428652286529541e-01
-3.117906749248504639e-01
7.885389328002929688e-01
5.549114197492599487e-02
-1.932361572980880737e-01
2.373293600976467133e-02
-2.295221090316772461e-01
5.278908014297485352e-01
1.045386940240859985e-01
8.366907131858170033e-04
-2.129480540752410889e-01
-9.669076651334762573e-03
6.582863628864288330e-02
1.083905816078186035e+00
3.516330569982528687e-02
1.338866204023361206e-01
4.805187880992889404e-02
1.399840693920850754e-03
2.360841482877731323e-01
2.016204595565795898e-02
1.271515041589736938e-01
1.129203289747238159e-02
