-6.601750850677490234e-02
-4.114546254277229309e-02
5.377354100346565247e-02
-1.644736677408218384e-01
-3.013582527637481689e-02
3.073365194723010063e-03
1.829437166452407837e-02
-6.415271759033203125e-02
1.047243624925613403e-01
9.245934896171092987e-03
1.803746968507766724e-01
1.075897440314292908e-01
-1.192542389035224915e-01
1.252430975437164307e-01
1.719901561737060547e-01
-2.975707650184631348e-01
7.734823226928710938e-02
2.082514911890029907e-01
-1.088638678193092346e-01
-4.514714330434799194e-02
-9.651810862123966217e-03
2.209935188293457031e-01
3.973106294870376587e-02
-9.691580384969711304e-02
-3.165350854396820068e-02
1.438838690519332886e-01
9.936434030532836914e-02
4.970039590261876583e-04
5.467450991272926331e-02
-1.043143793940544128e-01
8.578728884458541870e-02
-1.069581359624862671e-01
-4.918900132179260254e-01
4.654838144779205322e-02
-1.419741660356521606e-01
8.262410759925842285e-02
-8.431550860404968262e-02
-6.832323968410491943e-02
-2.434773296117782593e-01
-7.612791657447814941e-02
-1.181904954137280583e-04
-9.946545213460922241e-02
1.431732177734375000e-01
1.009640768170356750e-01
1.104875728487968445e-01
1.120786666870117188e-01
-2.088911235332489014e-01
2.667390108108520508e-01
5.789503082633018494e-02
-5.625428259372711182e-02
1.508488804101943970e-01
-6.739112548530101776e-03
-1.532136946916580200e-01
-3.791354596614837646e-02
1.283919364213943481e-01
1.554793566465377808e-01
1.274081785231828690e-02
8.732576668262481689e-02
-9.521835483610630035e-03
2.421120554208755493e-01
-7.988980039954185486e-03
-1.241939812898635864e-01
1.762420535087585449e-01
1.281705051660537720e-01
5.965660512447357178e-02
5.587380379438400269e-02
1.511917565949261189e-03
6.349529325962066650e-02
-8.480992913246154785e-02
6.695618480443954468e-02
-1.802608221769332886e-01
-3.843282908201217651e-02
-8.389100432395935059e-02
-2.810666859149932861e-01
4.550202190876007080e-02
9.033215045928955078e-02
-7.923696190118789673e-02
-2.126572094857692719e-02
1.972450129687786102e-02
6.030646711587905884e-02
1.869575530290603638e-01
4.034959524869918823e-02
-8.791276812553405762e-02
-1.283946037292480469e-01
-2.557925879955291748e-02
3.030909597873687744e-01
-6.257808208465576172e-02
7.375582121312618256e-03
1.078253462910652161e-01
-5.423167347908020020e-02
6.519652158021926880e-02
-8.058155328035354614e-02
6.327690929174423218e-02
-1.011563315987586975e-01
-3.992656245827674866e-02
1.663756072521209717e-01
-4.507664442062377930e-01
-8.784564584493637085e-02
2.136481851339340210e-01
3.643461735919117928e-03
