-5.215875506401062012e-01
-8.898295462131500244e-02
2.525539994239807129e-01
1.896447390317916870e-01
2.249067425727844238e-01
1.667095720767974854e-01
2.076265513896942139e-01
-4.143489897251129150e-02
1.595317274332046509e-01
-7.798840105533599854e-02
1.360192298889160156e-01
2.579475939273834229e-02
2.792470157146453857e-01
2.112811654806137085e-01
1.262661814689636230e-01
1.732600666582584381e-02
2.829750478267669678e-01
2.820811867713928223e-01
3.039230108261108398e-01
1.409855782985687256e-01
8.426795899868011475e-02
9.061762690544128418e-02
2.156618684530258179e-01
1.720856688916683197e-02
1.499103456735610962e-01
1.130350306630134583e-01
5.274680256843566895e-02
1.370041072368621826e-01
-2.298254892230033875e-02
-8.608149737119674683e-02
-2.037392556667327881e-01
2.366389892995357513e-02
-3.013684153556823730e-01
2.255605906248092651e-01
-1.612510718405246735e-02
-1.257509291172027588e-01
1.623138189315795898e-01
1.300284415483474731e-01
2.646884620189666748e-01
2.681418359279632568e-01
2.167811989784240723e-01
-1.947484463453292847e-01
-1.391333788633346558e-01
1.469784528017044067e-01
-1.997635066509246826e-01
1.818652004003524780e-01
-1.030193194746971130e-01
2.171353399753570557e-01
5.835487321019172668e-02
-7.830190658569335938e-02
2.042215466499328613e-01
-1.468572206795215607e-02
2.114665359258651733e-01
-1.848560571670532227e-01
-6.410394608974456787e-02
3.056239187717437744e-01
1.103957146406173706e-01
-9.056315571069717407e-02
1.903878897428512573e-01
-3.661548346281051636e-02
-1.965546980500221252e-02
7.080333828926086426e-01
-1.518487930297851562e-01
1.494146883487701416e-01
-1.124592944979667664e-01
-6.385225057601928711e-02
1.417737007141113281e-01
-1.221069619059562683e-01
-1.737787723541259766e-01
4.060578942298889160e-01
-1.799695566296577454e-02
2.529103755950927734e-01
-9.226265363395214081e-03
2.713916078209877014e-02
-1.056461930274963379e-01
2.490874826908111572e-01
3.237835764884948730e-01
2.862428128719329834e-01
1.389515399932861328e-01
-3.337402641773223877e-02
-8.236902952194213867e-02
-2.146508693695068359e-01
2.706459462642669678e-01
2.657613158226013184e-01
-5.337959527969360352e-01
2.030283063650131226e-01
-6.464461237192153931e-02
2.722784280776977539e-01
-1.785500496625900269e-01
2.197642624378204346e-02
-1.550861448049545288e-01
-1.031009703874588013e-01
-6.848206371068954468e-02
1.450663208961486816e-01
-3.318896293640136719e-01
-2.704886794090270996e-01
2.129146307706832886e-01
2.126603126525878906e-01
1.778343468904495239e-01
7.432208210229873657e-02
