-7.047779560089111328e-01
-6.087724119424819946e-03
1.206527650356292725e-01
8.593201637268066406e-02
5.491925776004791260e-02
2.695878408849239349e-02
2.912549674510955811e-02
-3.728331532329320908e-03
1.086690202355384827e-01
-3.977236747741699219e-01
-7.276153191924095154e-03
-7.127062231302261353e-02
1.189921721816062927e-01
9.056345559656620026e-03
2.348953858017921448e-02
-3.994401544332504272e-02
1.179788336157798767e-01
1.171707734465599060e-01
7.768713682889938354e-02
1.841774210333824158e-02
4.204057622700929642e-03
2.276760935783386230e-01
5.303553771227598190e-03
4.625436849892139435e-03
4.238444194197654724e-02
2.423150092363357544e-02
-6.085957214236259460e-02
-2.322473563253879547e-02
-1.006217673420906067e-02
-5.125607177615165710e-02
-2.175523638725280762e-01
-3.284013569355010986e-01
-4.186241030693054199e-01
1.013187393546104431e-01
1.377801299095153809e-01
-1.023187208920717239e-02
-2.889834046363830566e-01
3.217428177595138550e-02
9.858857840299606323e-02
6.451392918825149536e-02
1.060800105333328247e-01
-4.678589999675750732e-01
-4.363645911216735840e-01
4.204710479825735092e-03
-3.195369243621826172e-01
8.617193996906280518e-02
-5.862560123205184937e-02
6.950639188289642334e-02
-2.796065434813499451e-02
-1.909553110599517822e-01
5.841387063264846802e-02
-8.065425790846347809e-03
1.150878742337226868e-01
-5.262262225151062012e-01
-4.164195805788040161e-02
1.255827844142913818e-01
1.955231130123138428e-01
-2.196378707885742188e-01
5.834946781396865845e-02
-2.242577672004699707e-01
-2.435386329889297485e-01
6.549587845802307129e-01
-6.142323836684226990e-03
-1.789331734180450439e-01
2.955759316682815552e-02
-1.459569483995437622e-01
6.087996438145637512e-02
-4.584564566612243652e-01
-3.627787232398986816e-01
3.232006132602691650e-01
-4.349444434046745300e-02
4.798319190740585327e-02
-2.854980062693357468e-03
1.309611648321151733e-02
2.178645320236682892e-02
8.926815539598464966e-02
1.215279251337051392e-01
5.753862112760543823e-02
4.100761562585830688e-02
-7.351786643266677856e-02
-1.443405300378799438e-01
-4.637678861618041992e-01
5.825388804078102112e-02
1.103255525231361389e-01
-8.219885826110839844e-01
9.185466170310974121e-02
-2.324842363595962524e-01
1.179830655455589294e-01
8.103924989700317383e-01
-4.219456762075424194e-02
3.459973633289337158e-01
-1.593121699988842010e-02
-1.453661024570465088e-01
8.265354484319686890e-02
-3.606393337249755859e-01
-1.843860596418380737e-01
6.705383956432342529e-02
1.156445518136024475e-01
3.643881157040596008e-02
-2.605244815349578857e-01
