-3.584694266319274902e-01
1.023530885577201843e-01
1.454563997685909271e-02
1.003743037581443787e-01
-3.480724394321441650e-01
-1.730353981256484985e-01
2.033962309360504150e-01
1.826390065252780914e-02
7.551582902669906616e-02
3.223884701728820801e-01
-1.423023454844951630e-02
-4.386979341506958008e-01
-1.183116137981414795e-01
-2.369007468223571777e-02
1.504794787615537643e-02
5.712791904807090759e-02
5.455764755606651306e-02
-3.239010646939277649e-02
-4.177127182483673096e-01
2.674762159585952759e-02
1.611615158617496490e-02
9.275111369788646698e-03
1.208886355161666870e-01
2.943068370223045349e-02
2.987598767504096031e-03
-4.600212872028350830e-01
1.167604997754096985e-01
7.873564958572387695e-02
3.244397928938269615e-03
7.490974664688110352e-02
-2.225696593523025513e-01
4.962723702192306519e-02
4.102019593119621277e-02
7.134739309549331665e-02
-2.676348984241485596e-01
-1.846478730440139771e-01
-5.566646531224250793e-02
-3.801699578762054443e-01
1.173106506466865540e-01
4.104055091738700867e-02
-3.281578719615936279e-01
1.313528716564178467e-01
1.067844182252883911e-01
8.561349660158157349e-02
7.893823832273483276e-02
-2.032963484525680542e-01
-3.847636282444000244e-01
-2.495081126689910889e-01
7.895714044570922852e-02
6.773536652326583862e-02
-1.135274861007928848e-02
6.660529226064682007e-02
-2.920594997704029083e-02
-3.515041470527648926e-01
1.835601329803466797e-01
1.026845201849937439e-01
3.041031956672668457e-02
7.275153417140245438e-03
4.321895539760589600e-02
-1.200035493820905685e-02
6.777259707450866699e-02
1.229950934648513794e-01
8.303663134574890137e-02
-1.673808693885803223e-02
1.041414309293031693e-02
-1.509275473654270172e-02
-3.745307028293609619e-02
-4.143145680427551270e-01
-5.916651710867881775e-02
-1.884059235453605652e-02
-1.346799428574740887e-03
1.206860765814781189e-01
-3.471711277961730957e-01
-3.206090331077575684e-01
2.772350423038005829e-02
-2.016627229750156403e-02
7.010186463594436646e-02
-1.742061600089073181e-02
3.790639713406562805e-02
6.627870257943868637e-03
5.886657163500785828e-02
1.007176414132118225e-01
-3.470839858055114746e-01
-7.677730172872543335e-02
1.550503224134445190e-01
-2.102887928485870361e-01
8.568720659241080284e-04
4.952835291624069214e-02
1.879457943141460419e-02
3.238803520798683167e-02
-1.691899821162223816e-02
4.791739583015441895e-02
2.446809262037277222e-01
9.288775175809860229e-02
-2.086564749479293823e-01
5.177342519164085388e-02
-3.777017071843147278e-02
3.558869939297437668e-03
1.023693308234214783e-01
-7.368392497301101685e-02
