1.394081562757492065e-01
2.858902215957641602e-01
-9.023367613554000854e-02
2.829892635345458984e-01
2.650963962078094482e-01
-5.170589685440063477e-02
-4.416562616825103760e-03
2.667326629161834717e-01
3.387050926685333252e-01
2.591407895088195801e-01
5.393378809094429016e-02
1.257371064275503159e-02
-7.573516108095645905e-03
2.252767980098724365e-01
2.103468179702758789e-01
-1.186576019972562790e-02
-6.745404750108718872e-02
-1.181468367576599121e-03
8.354928344488143921e-02
7.705189753323793411e-03
-8.684504777193069458e-02
1.532960534095764160e-01
2.533357143402099609e-01
-9.397915005683898926e-02
7.613057643175125122e-02
3.346787691116333008e-01
-3.818443417549133301e-01
-9.123642742633819580e-02
3.503531515598297119e-01
-2.313245274126529694e-02
2.915436029434204102e-01
2.409950792789459229e-01
-3.107450902462005615e-02
2.576572299003601074e-01
3.948730975389480591e-02
-4.675184190273284912e-01
4.822783172130584717e-02
-1.273114681243896484e-01
2.600103914737701416e-01
-8.019689470529556274e-02
2.129777222871780396e-01
3.031198084354400635e-01
3.118090629577636719e-01
1.116317287087440491e-01
3.146063089370727539e-01
2.654353678226470947e-01
2.192122042179107666e-01
-2.906123399734497070e-01
1.880171708762645721e-02
-2.817147644236683846e-03
2.851534485816955566e-01
-1.184006035327911377e-01
1.262746304273605347e-01
-7.234024256467819214e-02
1.954388022422790527e-01
-9.250852465629577637e-02
-6.752975285053253174e-02
-7.574508339166641235e-02
3.887124061584472656e-01
2.925628423690795898e-01
9.157916903495788574e-02
3.117402493953704834e-01
-1.218131743371486664e-02
1.838441193103790283e-01
-2.084776759147644043e-02
-1.412588655948638916e-01
-2.188287861645221710e-02
1.213797107338905334e-01
1.713165342807769775e-01
1.964970231056213379e-01
2.558066844940185547e-01
-1.406022608280181885e-01
7.569517493247985840e-01
-1.164784133434295654e-01
2.521057426929473877e-01
-2.982308529317378998e-02
2.886354923248291016e-01
1.676027029752731323e-01
1.219800561666488647e-01
-4.365018755197525024e-02
8.618830144405364990e-02
-1.440010964870452881e-01
-5.981916561722755432e-02
3.204443156719207764e-01
2.549543678760528564e-01
7.963557541370391846e-02
2.960658669471740723e-01
-1.077874302864074707e-01
-5.463170260190963745e-02
-1.471028923988342285e-01
-5.453581735491752625e-02
3.174045085906982422e-01
1.397755593061447144e-01
-1.046167500317096710e-02
1.408630609512329102e-01
-1.434148848056793213e-01
1.649394333362579346e-01
-2.392265945672988892e-02
2.186604589223861694e-01
2.363624423742294312e-01
