-9.470249712467193604e-02
1.082209572196006775e-01
-2.452837526798248291e-01
6.713624298572540283e-02
1.742944121360778809e-01
-4.946101084351539612e-02
-2.874992229044437408e-02
1.714950427412986755e-02
-1.103256791830062866e-01
-3.829872608184814453e-01
2.625657944008708000e-03
2.952827326953411102e-02
1.627233326435089111e-01
9.063315391540527344e-02
1.441551148891448975e-01
-7.039018720388412476e-02
-3.109500110149383545e-01
4.183019697666168213e-02
6.455771625041961670e-02
-1.359112709760665894e-01
1.397512853145599365e-01
3.738074377179145813e-02
-8.746218867599964142e-03
1.380747854709625244e-01
2.511488832533359528e-02
5.585756897926330566e-02
-4.778966307640075684e-02
-2.275968156754970551e-02
2.860798127949237823e-02
8.065537363290786743e-02
1.425486803054809570e-01
6.381263490766286850e-03
-1.607897691428661346e-02
3.664844483137130737e-02
-5.374297872185707092e-02
2.575548887252807617e-01
-1.797301918268203735e-01
2.098445780575275421e-02
-7.913231384009122849e-04
-7.121419161558151245e-02
2.549489736557006836e-01
-3.266821429133415222e-02
-1.088907942175865173e-01
-1.325716823339462280e-01
3.927768673747777939e-03
-3.681050613522529602e-02
2.046552598476409912e-01
-2.978328801691532135e-02
3.342392295598983765e-02
9.100394323468208313e-03
-2.018292620778083801e-02
6.129183992743492126e-02
1.168833151459693909e-01
1.309525519609451294e-01
-1.067235320806503296e-02
1.892774179577827454e-02
-1.475679129362106323e-01
4.233454167842864990e-02
-2.691685259342193604e-01
-3.721305727958679199e-02
1.341689676046371460e-01
1.765578389167785645e-01
-8.657310158014297485e-02
-3.660983741283416748e-01
-7.980819791555404663e-02
-2.422924786806106567e-01
-9.658439457416534424e-02
1.733998209238052368e-01
-7.246523350477218628e-02
-2.503104209899902344e-01
6.056639552116394043e-02
3.338550031185150146e-01
-3.553608432412147522e-02
1.144431605935096741e-01
9.507078677415847778e-02
2.324288152158260345e-02
2.105214148759841919e-01
1.109426766633987427e-01
3.846598789095878601e-02
-4.129275213927030563e-03
4.768166318535804749e-02
-2.426910586655139923e-02
1.335315853357315063e-01
1.513610593974590302e-02
1.427666395902633667e-01
9.380674362182617188e-02
8.689570240676403046e-04
8.354863524436950684e-02
-1.469846721738576889e-02
1.839986443519592285e-01
1.558825075626373291e-01
-9.686176478862762451e-02
2.139553278684616089e-01
1.038341596722602844e-01
-1.593741960823535919e-02
-1.873245649039745331e-02
4.824402555823326111e-02
1.351086981594562531e-02
-3.974350541830062866e-02
-6.138325110077857971e-02
