-2.101039886474609375e-01
2.198104187846183777e-02
-7.044896483421325684e-02
-7.796579040586948395e-03
-2.023090980947017670e-02
-1.157588586211204529e-01
2.546836435794830322e-01
1.678367704153060913e-01
2.613829374313354492e-01
3.593423217535018921e-02
-3.900063410401344299e-02
7.244943082332611084e-02
-1.198288947343826294e-01
1.483792625367641449e-02
-3.526172786951065063e-02
2.280074059963226318e-01
9.231434203684329987e-03
3.118769526481628418e-01
2.276075333356857300e-01
2.277059108018875122e-02
2.686014175415039062e-01
1.212948784232139587e-01
2.075895369052886963e-01
5.037728231400251389e-03
2.865914702415466309e-01
1.264765765517950058e-02
-5.545200034976005554e-02
2.938372194766998291e-01
2.464326322078704834e-01
-1.038305237889289856e-01
-1.090000718832015991e-01
3.129735291004180908e-01
-8.715263754129409790e-02
1.480761263519525528e-02
1.513932924717664719e-02
2.798879742622375488e-01
1.730010807514190674e-01
-9.970237314701080322e-02
3.423090279102325439e-01
2.399530410766601562e-01
4.547643661499023438e-02
1.054352968931198120e-01
-2.164055593311786652e-02
2.131472080945968628e-01
1.451789140701293945e-01
-3.521135076880455017e-02
3.241136074066162109e-01
1.149874702095985413e-01
-4.345633462071418762e-02
2.682836949825286865e-01
3.046442270278930664e-01
3.259437978267669678e-01
3.424559235572814941e-01
-1.203789710998535156e-01
-3.030576510354876518e-03
-7.260626181960105896e-03
1.816196441650390625e-01
-6.697719544172286987e-02
1.041214633733034134e-02
4.505846202373504639e-01
-9.136898815631866455e-02
-1.343621462583541870e-01
2.084768265485763550e-01
-2.239770740270614624e-01
2.159178256988525391e-01
-1.283476054668426514e-01
-1.620511524379253387e-02
-1.896364241838455200e-01
-3.262440487742424011e-02
2.835301160812377930e-01
2.470599263906478882e-01
5.520725846290588379e-01
2.917222678661346436e-01
-2.819050848484039307e-02
9.107376635074615479e-02
5.768635869026184082e-02
3.454713821411132812e-01
6.196342036128044128e-02
-1.333915889263153076e-01
3.422700762748718262e-01
3.307723999023437500e-01
2.155204564332962036e-01
6.192613244056701660e-01
1.450189854949712753e-02
-2.207548618316650391e-01
3.035819530487060547e-01
3.142360448837280273e-01
2.795566916465759277e-01
-1.748949736356735229e-01
2.497941851615905762e-01
2.860053181648254395e-01
-6.775043904781341553e-02
-8.388984203338623047e-02
4.510636255145072937e-02
6.682562083005905151e-02
1.441503781825304031e-02
3.387899398803710938e-01
2.992449700832366943e-01
-2.987202815711498260e-02
-3.077188320457935333e-02
