-2.493127435445785522e-01
-4.946124553680419922e-02
-4.369352757930755615e-02
-1.123133674263954163e-02
-1.212076283991336823e-02
-2.252866178750991821e-01
4.942554980516433716e-02
4.680394008755683899e-02
1.393573172390460968e-02
1.588009148836135864e-01
-1.775170490145683289e-02
-1.740751229226589203e-02
3.010362386703491211e-02
-4.322575777769088745e-02
-4.275743290781974792e-02
2.967246808111667633e-02
-4.250556230545043945e-02
4.634140059351921082e-02
3.379699960350990295e-02
-1.965516209602355957e-01
5.719802156090736389e-02
3.362020244821906090e-03
-3.541763871908187866e-03
-7.523660361766815186e-02
5.375153571367263794e-02
-3.760961815714836121e-02
-9.311479330062866211e-02
1.055332422256469727e-01
7.399140298366546631e-02
6.601797938346862793e-01
-4.738295078277587891e-02
7.333781570196151733e-02
-5.303262267261743546e-03
-3.420274332165718079e-02
-5.014269798994064331e-02
5.970140546560287476e-02
1.176251545548439026e-01
-9.104857221245765686e-03
1.276298761367797852e-01
-3.142295638099312782e-03
9.856747090816497803e-02
8.269206434488296509e-02
-4.463849216699600220e-02
1.002477705478668213e-01
-4.991930723190307617e-02
-2.490292638540267944e-01
1.163626015186309814e-01
-1.377703249454498291e-01
-2.046002596616744995e-01
7.045047730207443237e-02
4.815421625971794128e-02
1.115370467305183411e-01
7.328270375728607178e-02
2.476872317492961884e-02
6.435727234929800034e-03
-4.784364700317382812e-01
2.921872586011886597e-02
-3.009728156030178070e-02
1.388582959771156311e-02
2.562480270862579346e-01
-2.113850973546504974e-02
1.065917592495679855e-02
8.519259095191955566e-02
-4.107893407344818115e-01
1.772318482398986816e-01
-2.527655959129333496e-01
1.595882475376129150e-01
1.055467486381530762e+00
-2.737323939800262451e-01
9.719199687242507935e-02
7.902502268552780151e-02
4.156765639781951904e-01
7.171519100666046143e-02
-2.402254380285739899e-02
-6.646066904067993164e-03
-5.505692958831787109e-02
1.145925223827362061e-01
-4.750179871916770935e-02
1.765456795692443848e-02
9.320704638957977295e-02
3.322740271687507629e-02
8.427504450082778931e-02
4.528291523456573486e-01
-6.016276031732559204e-02
-3.643248379230499268e-01
1.919212937355041504e-02
1.718948781490325928e-02
2.151957899332046509e-02
-2.897822558879852295e-01
6.187444087117910385e-03
4.587360471487045288e-02
-3.709503710269927979e-01
1.050602365285158157e-02
-2.246236056089401245e-01
4.294492602348327637e-01
-1.122769340872764587e-01
1.126275435090065002e-01
1.082591563463211060e-01
1.274374779313802719e-03
-1.308238655328750610e-01
