-2.638772428035736084e-01
8.195744454860687256e-02
-1.265548616647720337e-01
6.106540560722351074e-01
1.336796302348375320e-02
1.337991058826446533e-01
9.798248857259750366e-02
8.391929268836975098e-01
1.930006593465805054e-01
2.036014050245285034e-01
2.025309652090072632e-01
-1.539638787508010864e-01
2.982491441071033478e-02
1.031466759741306305e-02
-1.045575588941574097e-01
6.124036908149719238e-01
1.814614534378051758e-01
5.093101039528846741e-02
-1.276403665542602539e-01
-6.591313332319259644e-02
1.642172634601593018e-01
-1.014361903071403503e-02
6.161935999989509583e-02
1.710701361298561096e-02
-9.314247965812683105e-02
6.879571825265884399e-02
6.641594320535659790e-02
2.222167551517486572e-01
-3.524545207619667053e-02
6.989322602748870850e-02
2.215552777051925659e-01
-7.131602615118026733e-02
1.090139523148536682e-01
-7.625119388103485107e-02
1.489173322916030884e-01
-1.577205806970596313e-01
-1.591238379478454590e-01
-5.894824489951133728e-02
-1.958302259445190430e-01
-7.283645123243331909e-02
3.565596183761954308e-03
-1.159743070602416992e-01
6.030073761940002441e-02
2.008956074714660645e-01
-1.073091253638267517e-01
-2.388168312609195709e-02
2.017757445573806763e-01
7.258863002061843872e-02
9.538204967975616455e-02
4.418965429067611694e-02
-4.127883538603782654e-02
-5.662943050265312195e-02
-4.822891205549240112e-02
1.832370162010192871e-01
2.413032576441764832e-02
-9.964998066425323486e-02
-7.628461718559265137e-02
-3.654006421566009521e-01
8.454789966344833374e-02
1.198994368314743042e-01
2.161138951778411865e-01
-7.276493310928344727e-02
-1.318516433238983154e-01
-8.763942867517471313e-02
1.250917762517929077e-01
1.020389720797538757e-01
8.330895006656646729e-02
-1.266297698020935059e-01
7.528524100780487061e-02
1.735386997461318970e-01
-2.501426450908184052e-02
5.231557413935661316e-02
1.189002916216850281e-01
7.068444043397903442e-02
-1.557851284742355347e-01
-9.002810716629028320e-02
-1.201178655028343201e-01
8.201102912425994873e-02
-6.606626510620117188e-01
1.020146906375885010e-01
8.749422430992126465e-02
1.619411110877990723e-01
-1.265590339899063110e-01
5.293018184602260590e-03
-1.039690971374511719e-01
2.025234997272491455e-01
2.354711592197418213e-01
2.238223105669021606e-01
-1.202427446842193604e-01
3.863331303000450134e-02
5.178650468587875366e-02
-1.961378194391727448e-02
-1.436647474765777588e-01
1.596239656209945679e-01
8.536219596862792969e-03
3.470023348927497864e-02
-2.422253834083676338e-03
7.274732738733291626e-02
-5.839950963854789734e-02
-1.042913571000099182e-01
