6.769180297851562500e-01
1.693806350231170654e-01
-4.231234192848205566e-01
6.844703555107116699e-01
-4.076911881566047668e-02
1.291275955736637115e-02
-1.094001010060310364e-01
4.837061464786529541e-01
9.159924834966659546e-02
9.881287813186645508e-02
8.444201946258544922e-02
-1.907586678862571716e-02
-2.244563996791839600e-01
2.939461730420589447e-03
-5.716754868626594543e-02
5.101187825202941895e-01
6.571904569864273071e-02
-2.549477517604827881e-01
1.697191223502159119e-02
-1.812502369284629822e-02
1.225159689784049988e-01
-1.810138821601867676e-01
7.021465897560119629e-02
-3.413949534296989441e-02
1.292387396097183228e-02
3.884743899106979370e-02
8.857414126396179199e-02
1.138437613844871521e-01
-2.450250089168548584e-01
6.599123030900955200e-02
1.377028673887252808e-01
-2.642765827476978302e-02
5.560199171304702759e-02
-2.983626350760459900e-02
1.734100980684161186e-03
-3.835155665874481201e-01
-1.340526714920997620e-02
-1.308214571326971054e-02
6.122384071350097656e-01
-3.181314170360565186e-01
9.417992830276489258e-02
-9.374593384563922882e-03
3.947940131183713675e-04
4.746432974934577942e-02
-1.315443892963230610e-03
-6.249687820672988892e-02
7.417926937341690063e-02
7.825874537229537964e-02
7.851531356573104858e-02
5.558146163821220398e-03
2.693928964436054230e-02
-7.375371456146240234e-02
-6.474428344517946243e-03
4.767674803733825684e-01
-4.427103400230407715e-01
-1.741234771907329559e-02
-1.592053323984146118e-01
1.696839094161987305e+00
3.911786153912544250e-02
3.476171568036079407e-02
1.000542938709259033e-01
-5.556076765060424805e-01
7.316665723919868469e-03
-3.693495392799377441e-01
5.245705321431159973e-02
3.704718500375747681e-02
8.947753906250000000e-02
-2.999984845519065857e-02
2.175254374742507935e-01
3.836171329021453857e-02
-2.379556149244308472e-01
1.755766570568084717e-01
1.205055043101310730e-01
4.010234773159027100e-02
-1.463049650192260742e+00
6.139770150184631348e-03
-8.937114849686622620e-03
-6.594457626342773438e-01
-7.529222965240478516e-01
5.599064752459526062e-02
-2.890695631504058838e-01
-3.621935546398162842e-01
-9.913384914398193359e-03
-3.099924027919769287e-01
-5.003486871719360352e-01
8.407008647918701172e-02
1.144579648971557617e-01
1.086486428976058960e-01
-3.410905599594116211e-03
-3.269416093826293945e-01
9.400229156017303467e-02
-3.735542297363281250e-01
-3.196569085121154785e-01
5.721743404865264893e-02
-2.603824622929096222e-02
-1.572920382022857666e-02
1.633065566420555115e-02
-3.898099660873413086e-01
5.278522614389657974e-03
-1.518696546554565430e+00
