-6.991529464721679688e-02
1.369030624628067017e-01
-1.983100362122058868e-02
2.220980077981948853e-02
7.861681282520294189e-02
-1.308928579092025757e-01
-5.727015435695648193e-02
2.647561021149158478e-02
-1.689735352993011475e-01
-5.340290069580078125e-02
-4.292882606387138367e-02
-1.358478069305419922e-01
3.697932064533233643e-01
7.607151567935943604e-02
5.300916731357574463e-02
1.086458191275596619e-01
-4.274075850844383240e-03
-4.607289563864469528e-03
-2.589821517467498779e-01
4.750478640198707581e-02
8.223673105239868164e-01
4.867313802242279053e-02
-1.099082455039024353e-02
-3.040576279163360596e-01
-1.925058513879776001e-01
-5.533036962151527405e-02
-2.146660536527633667e-02
-5.025045573711395264e-02
7.884038984775543213e-02
-5.007685720920562744e-02
8.026074767112731934e-01
7.794495671987533569e-02
-3.768967837095260620e-02
-8.495474234223365784e-03
1.799508780241012573e-01
3.992883265018463135e-01
9.944776445627212524e-02
-2.830230891704559326e-01
7.139068096876144409e-02
-5.492405965924263000e-02
2.991748414933681488e-02
-2.433036118745803833e-01
5.694424360990524292e-02
-1.339126080274581909e-01
7.066171616315841675e-02
1.196817830204963684e-01
1.102286800742149353e-01
1.423789560794830322e-01
4.985643923282623291e-02
7.099631428718566895e-02
-2.784164063632488251e-02
6.144851818680763245e-02
-7.149782031774520874e-02
1.105208620429039001e-01
-1.869527273811399937e-03
-6.961676478385925293e-02
9.494476765394210815e-02
-3.465523943305015564e-02
-1.246200595051050186e-02
6.008426100015640259e-02
-1.479510590434074402e-02
-4.457201361656188965e-01
-1.548552792519330978e-02
8.307901024818420410e-02
9.918996691703796387e-01
3.486993163824081421e-02
-3.285809606313705444e-02
-2.765917181968688965e-01
-7.493880987167358398e-01
-5.924036353826522827e-02
8.317206054925918579e-02
-3.268350660800933838e-02
6.948985904455184937e-02
-3.638045191764831543e-01
1.059337854385375977e-01
-1.070680189877748489e-02
2.836244367063045502e-02
-5.236268043518066406e-02
5.223441123962402344e-01
-1.678916811943054199e-02
4.573715105652809143e-02
-1.222095824778079987e-02
-8.581987023353576660e-02
-8.095205761492252350e-03
3.930376842617988586e-02
-3.289785683155059814e-01
1.047244369983673096e-01
-6.579241901636123657e-02
-2.527151703834533691e-01
1.193435639142990112e-01
4.521241784095764160e-02
1.191382706165313721e-01
5.442954227328300476e-02
-2.157349698245525360e-02
1.218544840812683105e-01
-3.946430608630180359e-02
3.224682807922363281e-02
-4.273292422294616699e-02
-3.135510087013244629e-01
-7.403557002544403076e-02
