1.169433444738388062e-01
-3.033060766756534576e-02
8.861617743968963623e-02
-1.164785921573638916e-01
-8.067455142736434937e-02
1.352472305297851562e-01
-6.967677921056747437e-02
4.148842301219701767e-03
8.442998677492141724e-02
-6.496489793062210083e-02
9.018494933843612671e-02
1.881993860006332397e-01
-1.453875005245208740e-01
-6.462291628122329712e-02
-2.730890363454818726e-02
2.595205605030059814e-01
3.180063143372535706e-02
-4.139353334903717041e-02
1.961174309253692627e-01
1.280924528837203979e-01
1.353748589754104614e-01
-6.879970431327819824e-02
-3.573218733072280884e-02
2.132016606628894806e-02
1.311713606119155884e-01
2.504103779792785645e-01
4.356339946389198303e-02
9.783908724784851074e-02
-1.255856901407241821e-01
2.400584518909454346e-02
-4.924000799655914307e-02
-6.506271660327911377e-02
1.493981331586837769e-01
-5.405660346150398254e-02
2.968799881637096405e-02
-7.923704385757446289e-02
5.916677042841911316e-02
1.539963930845260620e-01
4.581978172063827515e-02
1.173637956380844116e-01
4.106971994042396545e-02
3.466995060443878174e-01
-1.314756572246551514e-01
3.780383989214897156e-02
1.523134261369705200e-01
9.308347478508949280e-03
-5.835826322436332703e-02
-2.906224690377712250e-02
2.882284112274646759e-02
5.264457687735557556e-02
-6.816396117210388184e-02
-7.377851009368896484e-02
-1.085841655731201172e-01
2.282985001802444458e-01
-9.954379493137821555e-05
2.400123476982116699e-01
3.587493002414703369e-01
-2.945568598806858063e-02
5.476379767060279846e-02
4.270852506160736084e-01
1.686040014028549194e-01
3.665480315685272217e-01
1.754606366157531738e-01
7.512255758047103882e-02
1.856647245585918427e-02
1.448432952165603638e-01
-3.469117451459169388e-03
-8.955247700214385986e-03
-3.791328892111778259e-02
1.940191835165023804e-01
2.597955167293548584e-01
1.020006909966468811e-01
1.114930491894483566e-02
-1.523096393793821335e-02
2.829888164997100830e-01
1.752464845776557922e-02
2.505901455879211426e-01
1.517362445592880249e-01
-1.846833154559135437e-03
5.002735555171966553e-02
-4.006273671984672546e-02
2.564306557178497314e-01
-9.960574097931385040e-03
1.030843406915664673e-01
1.719411313533782959e-01
-1.807374320924282074e-02
2.148861438035964966e-02
-3.100329078733921051e-02
1.186699941754341125e-01
2.761671133339405060e-02
1.110303550958633423e-01
6.130818650126457214e-02
1.840479373931884766e-01
4.252059385180473328e-03
2.218301035463809967e-02
4.801147803664207458e-02
1.061899736523628235e-01
2.383293211460113525e-01
3.762748837471008301e-01
1.150577291846275330e-01
