1.836433261632919312e-02
-1.514952182769775391e-01
1.368117630481719971e-01
5.890687555074691772e-02
-1.573847681283950806e-01
2.190367877483367920e-02
-1.838045269250869751e-01
-8.743443340063095093e-02
-4.395041465759277344e-01
6.697737425565719604e-02
1.438983343541622162e-02
-9.134338051080703735e-02
1.484246253967285156e-01
1.603181511163711548e-01
-7.414666563272476196e-02
5.825360119342803955e-02
-1.876624226570129395e-01
-8.785996586084365845e-02
-1.053812056779861450e-01
-1.348405331373214722e-01
1.059489026665687561e-01
2.752574980258941650e-01
-3.525984659790992737e-02
9.394282847642898560e-02
-6.760042905807495117e-02
-8.335125446319580078e-02
-1.346094161272048950e-01
1.207829043269157410e-01
-2.212368547916412354e-01
1.423355787992477417e-01
5.443074554204940796e-02
3.865278512239456177e-02
-5.493275821208953857e-02
3.456657826900482178e-01
-1.173230558633804321e-01
-1.314000189304351807e-01
4.950848594307899475e-02
4.399420022964477539e-01
-6.638817721977829933e-04
1.522219032049179077e-01
1.576157957315444946e-01
-3.246490657329559326e-02
4.656762629747390747e-02
1.438726037740707397e-01
-9.852592833340167999e-03
-4.343339428305625916e-02
1.457682400941848755e-01
-7.119537144899368286e-02
1.812710911035537720e-01
-3.140679597854614258e-01
-1.756701990962028503e-02
1.584591902792453766e-02
-3.518920391798019409e-02
2.672693505883216858e-02
-9.413886070251464844e-02
6.785548478364944458e-02
-1.430910378694534302e-01
-8.240015059709548950e-02
-1.075966283679008484e-02
-2.642953209578990936e-02
6.486676633358001709e-02
-1.367820054292678833e-01
2.075770795345306396e-01
-9.597772732377052307e-03
-7.002380490303039551e-02
-7.964860647916793823e-02
-1.083966121077537537e-01
-4.856740310788154602e-02
-1.044977679848670959e-01
1.836522519588470459e-01
1.363436281681060791e-01
-1.301199346780776978e-01
-4.843065142631530762e-02
-2.503221929073333740e-01
-2.381694018840789795e-01
-1.669215559959411621e-01
2.261947542428970337e-01
-1.818472333252429962e-02
2.491656690835952759e-01
-1.212339028716087341e-01
-1.761334985494613647e-01
-8.395427465438842773e-02
1.482705920934677124e-01
9.403537213802337646e-02
4.451690018177032471e-01
-4.515555128455162048e-02
-4.019268602132797241e-02
5.571604147553443909e-02
-7.902354001998901367e-02
-3.680498301982879639e-01
1.646091043949127197e-01
-8.166720718145370483e-02
3.794769570231437683e-02
2.385654672980308533e-02
-6.805173307657241821e-02
6.781033705919981003e-03
4.736009612679481506e-02
-1.046676039695739746e-01
-3.485607728362083435e-02
1.015944182872772217e-01
