2.527528405189514160e-01
-5.444457009434700012e-02
-2.601104676723480225e-01
-9.578111022710800171e-02
2.790115475654602051e-01
-1.465677022933959961e-01
-7.689971476793289185e-02
-3.284041583538055420e-02
2.687247693538665771e-01
-9.271882176399230957e-01
-9.829020500183105469e-02
-8.555136620998382568e-02
9.929630160331726074e-02
2.054374665021896362e-01
3.131841719150543213e-01
-1.367208659648895264e-01
6.609573494642972946e-03
2.898042798042297363e-01
-1.038004532456398010e-01
3.453028202056884766e-01
2.055635899305343628e-01
3.525930941104888916e-01
2.455743104219436646e-01
-4.841341823339462280e-02
-6.903328746557235718e-02
2.448247522115707397e-01
-4.221326485276222229e-02
3.178230226039886475e-01
-1.887802407145500183e-02
1.247779428958892822e-01
1.414588391780853271e-01
-1.393206417560577393e-01
8.627484738826751709e-02
-1.961108110845088959e-02
-1.281467676162719727e-01
3.085813224315643311e-01
2.232785820960998535e-01
2.838713228702545166e-01
2.002581208944320679e-01
3.406250178813934326e-01
1.491164863109588623e-01
-1.547265201807022095e-01
1.282471120357513428e-01
-1.143493205308914185e-01
-1.476547569036483765e-01
-1.361236870288848877e-01
2.004825919866561890e-01
1.993201971054077148e-01
2.614791095256805420e-01
7.175575196743011475e-02
-2.636110410094261169e-02
-7.376135885715484619e-02
-1.315956860780715942e-01
3.324884772300720215e-01
-1.389416903257369995e-01
3.393681943416595459e-01
-1.079047694802284241e-01
-2.454372048377990723e-01
2.605054378509521484e-01
-1.150811463594436646e-01
1.788143068552017212e-01
3.357016742229461670e-01
-3.347637876868247986e-02
3.058796823024749756e-01
-1.361772418022155762e-02
2.931438088417053223e-01
-1.290397942066192627e-01
-8.528173714876174927e-02
-6.985581666231155396e-02
7.439568638801574707e-01
3.151310384273529053e-01
-1.838171109557151794e-02
2.282875329256057739e-01
-4.357668105512857437e-03
-3.072720170021057129e-01
1.654713004827499390e-01
2.619824111461639404e-01
-9.323142468929290771e-02
1.488207839429378510e-03
-2.951453924179077148e-01
1.527750492095947266e-01
3.467901945114135742e-01
6.470323354005813599e-02
2.503397166728973389e-01
4.529910683631896973e-01
-9.140421450138092041e-02
-1.522740572690963745e-01
2.083433270454406738e-01
2.580142021179199219e-02
1.437240242958068848e-01
-5.728945136070251465e-02
-1.288672238588333130e-01
-1.365621238946914673e-01
6.934861838817596436e-02
1.398269925266504288e-02
3.820194303989410400e-02
8.363545872271060944e-03
1.581854820251464844e-01
6.670692563056945801e-02
-1.766913384199142456e-01
