2.442348562180995941e-02
-3.125761821866035461e-02
-2.224987149238586426e-01
-1.778394579887390137e-01
7.465793937444686890e-02
-1.598890312016010284e-02
-1.484973728656768799e-01
-7.229703664779663086e-02
5.669228360056877136e-02
-1.035205602645874023e+00
-3.198462128639221191e-01
-2.623681128025054932e-01
1.087723746895790100e-01
7.189081609249114990e-02
4.698494821786880493e-02
-4.072952549904584885e-03
-1.267648339271545410e-01
4.900025576353073120e-02
-1.996772922575473785e-02
1.208588257431983948e-01
9.673711657524108887e-02
1.342496573925018311e-01
4.979556798934936523e-02
-4.644757881760597229e-02
2.082725465297698975e-01
9.624142944812774658e-02
-3.216759860515594482e-01
9.596275538206100464e-02
-8.174709510058164597e-04
1.888366974890232086e-02
2.848802832886576653e-03
2.982424497604370117e-01
-1.852448284626007080e-01
-2.599993646144866943e-01
-2.173804864287376404e-02
7.767176628112792969e-02
3.075830265879631042e-02
4.344429448246955872e-02
5.781673267483711243e-02
8.385670930147171021e-02
6.618122104555368423e-03
-2.910473346710205078e-01
1.082543656229972839e-01
-7.000198960304260254e-02
-2.983649373054504395e-01
-4.263344779610633850e-02
5.560673773288726807e-02
1.950116944499313831e-03
1.071308031678199768e-01
3.340362012386322021e-02
-3.935876190662384033e-01
-3.593665659427642822e-01
-6.298623513430356979e-03
9.780368208885192871e-02
3.037273585796356201e-01
1.237803846597671509e-01
-2.264311164617538452e-01
-2.185780256986618042e-01
8.170245587825775146e-02
6.993651390075683594e-01
-2.709592320024967194e-02
1.009315624833106995e-01
-9.849615395069122314e-03
1.118815019726753235e-01
-4.644002299755811691e-03
2.949900366365909576e-02
-4.756908398121595383e-03
8.625115156173706055e-01
-2.137873768806457520e-01
6.044191718101501465e-01
9.333684295415878296e-02
2.697343528270721436e-01
4.573582485318183899e-02
-8.373122662305831909e-03
-1.531839668750762939e-01
1.211193762719631195e-02
2.630208618938922882e-02
-1.056452933698892593e-02
4.764336626976728439e-03
-2.262403517961502075e-01
4.967785254120826721e-02
1.181547492742538452e-01
-2.926804125308990479e-01
1.097768023610115051e-01
2.857511341571807861e-01
-1.932469159364700317e-01
-2.262882292270660400e-01
-3.880466392729431391e-04
-3.313385322690010071e-02
3.107717633247375488e-02
-6.870101206004619598e-03
1.428463030606508255e-02
-3.407837450504302979e-01
1.359279274940490723e+00
2.094689905643463135e-01
3.197459578514099121e-01
1.682712435722351074e-01
2.777918009087443352e-03
1.879194229841232300e-01
-3.048801422119140625e-01
