-7.944255322217941284e-02
-1.234368756413459778e-01
2.748250663280487061e-01
-1.334310322999954224e-01
1.605571657419204712e-01
3.612428009510040283e-01
-1.442567557096481323e-01
-4.671243429183959961e-01
3.802592307329177856e-02
-1.345019042491912842e-01
1.983753889799118042e-01
5.150156794115900993e-04
-9.801495820283889771e-02
2.258000820875167847e-01
-4.441855847835540771e-02
2.203763425350189209e-01
4.110088199377059937e-02
1.254991441965103149e-01
3.384656608104705811e-01
2.946911565959453583e-02
-1.405020989477634430e-02
-3.757480904459953308e-02
1.591824740171432495e-01
-1.630995124578475952e-01
1.600581407546997070e-01
4.007657468318939209e-01
3.071061074733734131e-01
-7.898988574743270874e-02
-1.177920624613761902e-01
-7.046374678611755371e-02
3.363926410675048828e-01
3.260078430175781250e-01
-1.226860955357551575e-01
2.329265177249908447e-01
-5.931090116500854492e-01
-1.026901445584371686e-04
-9.997431188821792603e-02
-1.080264672636985779e-01
-4.449360445141792297e-02
3.647377789020538330e-01
3.845481667667627335e-03
5.382714793086051941e-03
9.787718765437602997e-03
5.014551877975463867e-01
-7.221295684576034546e-02
-1.192532479763031006e-01
3.572003245353698730e-01
-2.522908383980393410e-03
4.790819436311721802e-02
3.087276518344879150e-01
3.720448613166809082e-01
-2.086161263287067413e-02
-1.278392784297466278e-02
-1.200042292475700378e-01
-6.566226482391357422e-02
2.857121229171752930e-01
2.995081841945648193e-01
1.326959580183029175e-01
2.263250015676021576e-02
-4.834750294685363770e-02
-1.061903089284896851e-01
6.369224190711975098e-02
1.640221476554870605e-01
3.165859580039978027e-01
2.107564061880111694e-01
2.532205879688262939e-01
3.638268709182739258e-01
5.352393165230751038e-02
-1.029997542500495911e-01
2.584349215030670166e-01
9.713634848594665527e-02
-2.370794489979743958e-02
3.045919835567474365e-01
-1.075975224375724792e-01
3.528437614440917969e-01
2.806026935577392578e-01
2.932761013507843018e-01
5.532597377896308899e-02
7.633532863110303879e-03
-9.235759824514389038e-02
-1.454254090785980225e-01
3.449501097202301025e-01
-5.479287356138229370e-02
3.420680463314056396e-01
-1.287572234869003296e-01
-2.709611877799034119e-02
3.699847161769866943e-01
1.232217475771903992e-01
-7.198050618171691895e-02
-6.179849803447723389e-02
-4.172363132238388062e-02
-6.968428939580917358e-02
-4.403143376111984253e-02
-2.528237877413630486e-03
-1.016541793942451477e-01
3.658213317394256592e-01
2.511745095252990723e-01
3.911331892013549805e-01
2.936455309391021729e-01
-1.058382019400596619e-01
