-2.565350569784641266e-02
1.721169203519821167e-01
1.587456166744232178e-01
2.551796436309814453e-01
9.838309139013290405e-02
-1.453457772731781006e-01
5.917393788695335388e-02
4.577798396348953247e-02
-1.733852773904800415e-01
5.856607854366302490e-02
-1.912018954753875732e-01
1.045010909438133240e-01
-1.360141038894653320e-01
4.858701303601264954e-02
8.638245612382888794e-02
-2.463894784450531006e-01
-1.072529330849647522e-01
4.971424862742424011e-02
3.514701426029205322e-01
-5.854172632098197937e-02
4.018085822463035583e-02
-5.199698358774185181e-02
1.132757812738418579e-01
-1.383176594972610474e-01
-4.407928884029388428e-02
2.360975444316864014e-01
5.515302345156669617e-02
6.744805723428726196e-02
-1.574537456035614014e-01
-1.229569166898727417e-01
-2.768895775079727173e-02
2.123732417821884155e-01
6.394799798727035522e-02
-5.676128785125911236e-04
2.330488711595535278e-02
2.951152622699737549e-01
-1.481437534093856812e-01
3.525630012154579163e-02
-4.432790726423263550e-02
3.431732207536697388e-02
3.242066502571105957e-02
1.159755587577819824e-01
2.559942007064819336e-01
7.964100688695907593e-02
-2.211892157793045044e-01
4.430291429162025452e-02
-2.501416578888893127e-02
3.887600079178810120e-02
2.521629333496093750e-01
-1.642261631786823273e-03
-1.737535446882247925e-01
2.909670956432819366e-02
6.736386567354202271e-02
4.721887782216072083e-02
-1.581781660206615925e-03
1.684801429510116577e-01
1.830416023731231689e-01
-3.112485706806182861e-01
1.262835115194320679e-01
-2.409463822841644287e-01
-1.398315280675888062e-01
-7.400447875261306763e-02
2.488644123077392578e-01
-3.838549256324768066e-01
2.514318563044071198e-02
6.707863509654998779e-02
1.495694369077682495e-01
-1.739330291748046875e-01
-9.386304765939712524e-02
1.737953862175345421e-03
-9.496770054101943970e-02
-2.550340443849563599e-02
-3.854249045252799988e-02
5.720693245530128479e-02
1.503134667873382568e-01
5.377014726400375366e-02
1.736322045326232910e-01
3.240881487727165222e-02
-1.120469197630882263e-01
1.586411148309707642e-01
-1.557565927505493164e-01
3.884249180555343628e-02
8.325682580471038818e-02
-5.102491006255149841e-02
2.174696326255798340e-01
-2.533648014068603516e-01
-7.273978088051080704e-03
9.290976077318191528e-02
-1.804405637085437775e-02
-1.686938405036926270e-01
1.665209606289863586e-02
-1.642337590456008911e-01
1.874091625213623047e-01
9.533770382404327393e-02
-2.973804064095020294e-02
-2.893094122409820557e-01
-2.562512755393981934e-01
-3.010097146034240723e-01
2.881972193717956543e-01
-5.235100537538528442e-02
