7.856486365199089050e-03
7.801468949764966965e-03
-3.562783449888229370e-02
1.423251032829284668e-01
9.192184358835220337e-02
6.604707241058349609e-02
1.428496837615966797e-01
-4.314262047410011292e-02
6.629119813442230225e-02
-6.727147847414016724e-02
7.912100851535797119e-02
-2.967581897974014282e-02
8.511866629123687744e-02
-1.998096853494644165e-01
7.995933294296264648e-03
1.121433377265930176e-01
9.689839929342269897e-02
7.780686765909194946e-02
-5.676188040524721146e-03
2.248025499284267426e-02
1.168223991990089417e-01
8.673632144927978516e-02
-5.581757798790931702e-02
-5.423861742019653320e-01
5.467079952359199524e-02
-3.780214488506317139e-02
1.271478533744812012e-01
1.003887131810188293e-02
-4.037950932979583740e-01
-1.526679471135139465e-02
2.306983321905136108e-01
7.636496424674987793e-02
2.387999892234802246e-01
-7.898424752056598663e-03
-8.812754601240158081e-02
-2.378197610378265381e-01
-7.470284700393676758e-01
-1.948454529047012329e-01
1.383588016033172607e-01
-5.440608784556388855e-02
7.842110842466354370e-02
1.282617151737213135e-01
8.914454281330108643e-02
1.091786921024322510e-01
1.040625944733619690e-01
-1.484454795718193054e-02
8.534575812518596649e-03
-2.645466662943363190e-02
7.238823175430297852e-02
-1.498968899250030518e-02
-8.424969390034675598e-03
-1.037799119949340820e-01
1.046182438731193542e-01
-2.275336831808090210e-01
-8.253201097249984741e-02
3.486250936985015869e-01
-3.589336574077606201e-02
8.062011748552322388e-02
1.436662375926971436e-01
-3.876683115959167480e-02
6.392289698123931885e-02
8.774550259113311768e-02
-1.770493015646934509e-02
7.427537441253662109e-02
2.312773838639259338e-02
1.416644304990768433e-01
-1.871261745691299438e-02
-2.463584579527378082e-02
1.216643676161766052e-02
-8.970919880084693432e-04
-4.808397591114044189e-02
3.869886323809623718e-02
2.009764313697814941e-02
-1.650257557630538940e-01
2.080179005861282349e-02
-2.149379253387451172e-01
-1.364300260320305824e-04
4.699443280696868896e-02
4.624065943062305450e-03
1.451823413372039795e-01
1.051967684179544449e-02
9.935902059078216553e-02
2.246237592771649361e-03
4.112343490123748779e-02
-1.033446285873651505e-03
-2.403371185064315796e-01
1.200520545244216919e-01
-5.711304396390914917e-02
3.528752028942108154e-01
3.907298147678375244e-01
-3.499975427985191345e-02
1.098617762327194214e-01
4.238383471965789795e-02
-6.977280974388122559e-02
-5.172959342598915100e-02
9.136232547461986542e-03
9.422307461500167847e-02
1.392603386193513870e-02
9.100323915481567383e-02
-3.544155657291412354e-01
