1.779647171497344971e-02
1.155185475945472717e-01
1.785032101906836033e-03
8.289825916290283203e-02
-2.935524284839630127e-01
1.420159190893173218e-01
-2.683944301679730415e-03
5.026273429393768311e-02
1.140301823616027832e-01
5.032343044877052307e-02
1.091511920094490051e-01
-2.134620398283004761e-01
1.006491184234619141e-01
4.775142669677734375e-02
1.910628937184810638e-02
-3.838477432727813721e-01
-1.078326161950826645e-02
-2.437561005353927612e-01
-3.683672100305557251e-02
9.386128187179565430e-02
-4.206467270851135254e-01
1.938112080097198486e-02
-4.473687410354614258e-01
7.103005796670913696e-02
-6.512136757373809814e-02
-1.239842250943183899e-01
-1.304763089865446091e-02
-4.323952496051788330e-01
8.508897386491298676e-03
1.325582414865493774e-01
3.669403791427612305e-01
-1.507037598639726639e-02
-2.266409061849117279e-02
-3.467701673507690430e-01
4.495694115757942200e-02
4.062264561653137207e-01
-2.815364599227905273e-01
5.885562673211097717e-02
-7.428957149386405945e-03
-1.274338364601135254e-01
-2.703096270561218262e-01
3.147066012024879456e-02
1.009363457560539246e-01
3.341893851757049561e-01
-3.338752686977386475e-01
-3.054382503032684326e-01
-3.966281116008758545e-01
2.187974750995635986e-01
-4.720288515090942383e-02
-3.865747451782226562e-01
-2.796365134418010712e-02
-7.742692232131958008e-01
-1.917144060134887695e-01
7.452502846717834473e-02
2.440014621242880821e-03
-3.103051893413066864e-02
1.265505403280258179e-01
-2.503098547458648682e-01
1.036048159003257751e-01
1.282408251427114010e-03
8.502682298421859741e-02
-4.215226974338293076e-03
-1.928376555442810059e-01
4.963811486959457397e-02
5.048086866736412048e-03
3.704886417835950851e-03
2.132405936717987061e-01
-2.634502351284027100e-01
-1.589113324880599976e-01
2.254610694944858551e-02
9.240929782390594482e-02
-3.363437950611114502e-01
-1.107097230851650238e-02
4.850323498249053955e-02
7.479370106011629105e-03
-2.688443928491324186e-04
8.837111294269561768e-02
-2.057152055203914642e-02
2.325163781642913818e-02
-2.280451543629169464e-02
4.733768850564956665e-02
-1.794449687004089355e-01
-2.979478053748607635e-02
6.684946268796920776e-02
1.275454014539718628e-01
-2.290171012282371521e-02
8.315778337419033051e-03
1.419286057353019714e-02
-9.720446169376373291e-02
-3.175782859325408936e-01
1.163157001137733459e-01
-5.837640166282653809e-02
-3.858491182327270508e-01
-9.292580932378768921e-02
-2.616735994815826416e-01
1.083035349845886230e+00
-1.929847896099090576e-02
2.397737205028533936e-01
8.446563780307769775e-02
-1.701189950108528137e-02
