2.703759968280792236e-01
7.559631019830703735e-02
5.262875184416770935e-02
-5.980889871716499329e-02
3.471095860004425049e-01
-4.880192875862121582e-02
9.469271451234817505e-02
3.205188810825347900e-01
1.022890284657478333e-01
-8.618166297674179077e-02
1.607701368629932404e-02
-4.147277772426605225e-02
8.567145466804504395e-02
8.514433354139328003e-02
1.823241263628005981e-01
-8.933570981025695801e-02
-1.340411156415939331e-01
2.430563792586326599e-02
1.892521232366561890e-02
4.546729624271392822e-01
-3.132948279380798340e-02
1.884174048900604248e-01
1.019027829170227051e-01
2.385745644569396973e-01
-1.051652953028678894e-01
1.071695014834403992e-01
1.268541067838668823e-01
-8.036936819553375244e-02
8.913852274417877197e-02
-1.222345456480979919e-01
5.750586465001106262e-02
-1.099707633256912231e-01
-2.662859484553337097e-02
6.765453517436981201e-02
-6.792669743299484253e-02
-7.366816699504852295e-02
-8.716747164726257324e-03
-2.736124023795127869e-02
1.719704568386077881e-01
-1.544743329286575317e-01
1.735530793666839600e-01
2.183814048767089844e-01
2.971757352352142334e-01
3.478581607341766357e-01
5.918780341744422913e-02
-1.714715547859668732e-02
-8.940645307302474976e-02
-5.827141180634498596e-02
-7.843586057424545288e-02
3.158242627978324890e-02
1.626454591751098633e-01
-1.547973901033401489e-01
-3.332793340086936951e-02
8.016773313283920288e-02
2.179930955171585083e-01
7.237932831048965454e-02
1.688117980957031250e-01
1.207316666841506958e-02
6.497532594949007034e-03
1.320943683385848999e-01
1.199085265398025513e-01
8.278076350688934326e-02
1.637104451656341553e-01
3.099530041217803955e-01
8.539124578237533569e-02
1.051896139979362488e-01
1.409173607826232910e-01
2.109564095735549927e-01
9.781114012002944946e-02
1.777893900871276855e-01
3.895727097988128662e-01
3.846627771854400635e-01
3.503308594226837158e-01
8.242573589086532593e-02
1.580155789852142334e-01
-5.066040158271789551e-02
1.535388976335525513e-01
1.164238527417182922e-01
4.432442411780357361e-02
2.073627710342407227e-01
-8.971860259771347046e-02
2.970194816589355469e-01
2.506439387798309326e-01
2.288660220801830292e-02
-1.378023326396942139e-01
-6.381954252719879150e-02
-6.202664226293563843e-02
7.333417236804962158e-02
1.455888748168945312e-01
-1.087905392050743103e-01
1.718431860208511353e-01
2.536101341247558594e-01
1.187732741236686707e-01
-5.979361385107040405e-02
3.008416108787059784e-02
-1.766443103551864624e-01
-1.566816493868827820e-02
-3.057627193629741669e-02
1.622913479804992676e-01
-1.672495752573013306e-01
