-1.083025187253952026e-01
2.059132307767868042e-01
-2.590227685868740082e-02
-1.024122014641761780e-01
-5.338324978947639465e-02
-7.538246363401412964e-02
3.587990105152130127e-01
3.443409800529479980e-01
4.373637028038501740e-03
3.084184527397155762e-01
-6.247283425182104111e-03
-1.745710335671901703e-02
3.636971712112426758e-01
3.654754459857940674e-01
-1.156008243560791016e-01
1.960509270429611206e-01
3.803583085536956787e-01
2.850300371646881104e-01
-6.997939199209213257e-02
-1.302076131105422974e-01
-6.614123582839965820e-01
2.730678021907806396e-01
-3.033606894314289093e-02
-4.917024821043014526e-02
1.286898553371429443e-02
2.057266980409622192e-01
-4.406231641769409180e-02
2.252586185932159424e-01
3.465391993522644043e-01
-8.251444995403289795e-02
-4.006165638566017151e-02
-9.118708968162536621e-02
2.870759665966033936e-01
3.306233286857604980e-01
3.817387521266937256e-01
3.861247003078460693e-01
2.741501331329345703e-01
3.313029110431671143e-01
-9.110321104526519775e-02
2.075344920158386230e-01
3.932434618473052979e-01
3.250440657138824463e-01
-5.396664887666702271e-02
-8.820378780364990234e-02
-7.679567486047744751e-02
-5.648510456085205078e-01
-5.879819393157958984e-02
4.169113934040069580e-02
2.413094937801361084e-01
-1.461114082485437393e-02
-1.241450980305671692e-01
-4.962884187698364258e-01
2.906064502894878387e-02
2.055216729640960693e-01
3.029541373252868652e-01
-1.150217875838279724e-01
3.631431460380554199e-01
-7.827360928058624268e-02
-8.768298476934432983e-02
3.827359378337860107e-01
2.172665596008300781e-01
4.289485216140747070e-01
1.899886429309844971e-01
2.690614461898803711e-01
3.463948145508766174e-02
2.120863646268844604e-03
4.187994897365570068e-01
-6.585066765546798706e-02
3.842818737030029297e-01
3.344755470752716064e-01
3.010463118553161621e-01
1.554500162601470947e-01
-1.277917325496673584e-01
-5.221704393625259399e-02
2.122404426336288452e-01
3.093089163303375244e-01
3.197666704654693604e-01
-9.690851718187332153e-02
3.134243786334991455e-01
1.563723683357238770e-01
-4.578829929232597351e-02
-9.515421837568283081e-02
-4.142212867736816406e-02
3.614032268524169922e-01
1.029866337776184082e-01
-1.194313243031501770e-01
-7.745033502578735352e-02
2.822861075401306152e-01
-9.177993051707744598e-03
-1.013206243515014648e-01
3.151399791240692139e-01
-4.267266094684600830e-01
1.609808206558227539e-02
5.716048926115036011e-02
-9.728363901376724243e-02
5.844726040959358215e-02
2.579828202724456787e-01
1.872821450233459473e-01
6.403214484453201294e-02
-8.933848142623901367e-02
