3.438370302319526672e-02
-1.450175186619162560e-04
-5.532607808709144592e-02
-4.354896023869514465e-02
-2.974646352231502533e-02
4.686866700649261475e-02
1.113078296184539795e-01
3.989159688353538513e-02
-3.025774471461772919e-02
5.879236012697219849e-02
3.765890896320343018e-01
-3.216466307640075684e-02
1.394508033990859985e-01
9.873083978891372681e-02
-3.680752124637365341e-03
1.226297393441200256e-01
1.414278149604797363e-01
6.060273200273513794e-02
1.649781502783298492e-02
3.924635425209999084e-02
-6.291745901107788086e-01
5.622595921158790588e-02
-5.512149631977081299e-02
3.384526353329420090e-03
1.446275971829891205e-02
5.490493774414062500e-02
-2.332307025790214539e-02
2.444273605942726135e-02
1.136654242873191833e-01
-7.959330081939697266e-02
-2.313936948776245117e-01
-1.680773049592971802e-01
8.460105210542678833e-02
1.094262376427650452e-01
8.734385669231414795e-02
6.870754808187484741e-02
9.166692942380905151e-02
2.657007984817028046e-02
-3.129620850086212158e-02
8.521913737058639526e-02
1.198443919420242310e-01
1.166975349187850952e-01
3.368684323504567146e-03
-1.002806331962347031e-02
6.758006289601325989e-03
-5.709553360939025879e-01
-7.284985389560461044e-03
-8.625380694866180420e-03
5.246053263545036316e-02
1.274083275347948074e-02
-2.578888833522796631e-02
-4.003797173500061035e-01
-8.885096758604049683e-03
5.008658766746520996e-02
9.466671198606491089e-02
4.265977069735527039e-02
6.075999140739440918e-02
-7.289938628673553467e-03
8.010493591427803040e-03
6.123264133930206299e-02
2.537855692207813263e-02
4.569016396999359131e-01
1.026091501116752625e-01
6.336870789527893066e-02
-7.778463512659072876e-02
-5.124656856060028076e-02
3.074643611907958984e-01
-7.020112127065658569e-02
1.205946505069732666e-01
1.142424494028091431e-01
2.321450412273406982e-02
1.900842227041721344e-02
-1.823479682207107544e-01
-3.584889322519302368e-02
6.864950805902481079e-02
7.137588411569595337e-02
9.456451237201690674e-02
-5.591895803809165955e-02
7.211330533027648926e-02
2.203444540500640869e-01
-5.270649865269660950e-02
7.388546466827392578e-01
-2.661029435694217682e-02
1.423974037170410156e-01
1.315585374832153320e-01
-2.422164566814899445e-02
3.069167211651802063e-02
9.201031923294067383e-02
3.248234512284398079e-03
-4.154590889811515808e-02
1.283977180719375610e-01
-5.732668042182922363e-01
2.233920386061072350e-03
-6.353671848773956299e-02
1.573986001312732697e-02
1.363991759717464447e-04
-2.015911508351564407e-03
4.275371134281158447e-02
-7.780775427818298340e-02
1.437714230269193649e-02
