-1.415191218256950378e-02
2.104016765952110291e-02
-6.472179200500249863e-03
2.383387982845306396e-01
9.021229296922683716e-02
1.171348337084054947e-02
1.241109520196914673e-01
-1.076667457818984985e-01
7.556681334972381592e-02
9.347920864820480347e-02
1.872249245643615723e-01
-2.088530920445919037e-02
1.162955760955810547e-01
1.358608603477478027e-01
1.469185054302215576e-01
-8.479677140712738037e-02
3.068603873252868652e-01
9.485787898302078247e-02
2.756014466285705566e-01
1.316573023796081543e-01
1.240237057209014893e-01
3.803716972470283508e-02
1.039180234074592590e-01
3.973991144448518753e-03
2.416878491640090942e-01
-2.738425321877002716e-02
7.427912950515747070e-02
1.145325079560279846e-01
5.872929468750953674e-02
1.613335758447647095e-01
1.089501678943634033e-01
1.853521317243576050e-01
9.394367039203643799e-02
2.295905053615570068e-01
2.556412518024444580e-01
2.242191880941390991e-01
1.729362010955810547e-01
4.710590094327926636e-02
1.211309581995010376e-01
2.631638944149017334e-01
4.121047630906105042e-02
-1.883915811777114868e-01
2.464687451720237732e-02
1.553261578083038330e-01
-1.240312773734331131e-02
2.894676327705383301e-01
3.100346028804779053e-01
1.516375541687011719e-01
5.900305137038230896e-02
4.868966061621904373e-03
5.859522521495819092e-02
-1.039430424571037292e-01
-1.408853977918624878e-01
-3.709724545478820801e-02
5.165368318557739258e-02
2.674487829208374023e-01
-1.342600882053375244e-01
3.370512742549180984e-03
1.418323963880538940e-01
1.685006916522979736e-02
1.199882999062538147e-01
3.067439198493957520e-01
7.999344170093536377e-02
2.920598983764648438e-01
6.950893253087997437e-02
6.399948149919509888e-02
3.016008809208869934e-02
-2.935535460710525513e-02
1.631536036729812622e-01
-9.244848042726516724e-02
2.279625274240970612e-02
2.294161319732666016e-01
2.642324268817901611e-01
5.645436048507690430e-02
-2.823257120326161385e-03
-3.765222802758216858e-02
1.195742338895797729e-01
2.507154941558837891e-01
5.688899382948875427e-02
2.487727552652359009e-01
2.983762621879577637e-01
1.159792169928550720e-01
1.295260339975357056e-01
4.952202364802360535e-02
-1.160394996404647827e-01
1.877319663763046265e-01
2.048020251095294952e-02
-3.038050420582294464e-02
2.023653127253055573e-02
2.169434279203414917e-01
2.325818501412868500e-02
1.602517366409301758e-01
1.286680996417999268e-01
2.486687749624252319e-01
8.160405606031417847e-02
1.527028828859329224e-01
-4.660257324576377869e-02
1.755414158105850220e-01
3.505394607782363892e-02
-9.159657359123229980e-02
