2.015126310288906097e-02
2.113068252801895142e-01
1.953300386667251587e-01
-1.445838529616594315e-02
8.339560776948928833e-02
1.265953928232192993e-01
-3.845779299736022949e-01
2.107530087232589722e-01
-2.089069411158561707e-02
-8.986663818359375000e-02
-2.264571487903594971e-01
1.299242675304412842e-01
1.487254649400711060e-01
1.085986718535423279e-01
2.477404028177261353e-01
2.096650004386901855e-02
1.487345844507217407e-01
6.338172126561403275e-03
4.702082648873329163e-02
5.323143210262060165e-03
1.178800389170646667e-01
-1.473157256841659546e-01
-8.010514825582504272e-02
1.052319779992103577e-01
1.289490014314651489e-01
-1.123737990856170654e-01
-2.037590602412819862e-03
-2.600622549653053284e-02
-1.158166974782943726e-01
1.045025065541267395e-01
-1.831568479537963867e-01
-6.093310564756393433e-02
2.116574496030807495e-01
-3.634901344776153564e-02
8.176457881927490234e-02
-2.798062860965728760e-01
2.029639855027198792e-02
2.710241973400115967e-01
2.181574404239654541e-01
1.756637543439865112e-01
-8.649610728025436401e-02
-1.505910456180572510e-01
1.001700237393379211e-01
8.620078116655349731e-02
-4.105252400040626526e-02
2.447745017707347870e-02
1.473232209682464600e-01
2.684697136282920837e-02
3.491710871458053589e-02
-9.817764908075332642e-02
2.601451575756072998e-01
2.006811350584030151e-01
-6.119387969374656677e-02
3.519928455352783203e-02
-1.566334664821624756e-01
1.558726429939270020e-01
-1.025887904688715935e-04
-1.788579300045967102e-02
-2.067585475742816925e-02
2.026721388101577759e-01
-5.666918307542800903e-02
-1.914134714752435684e-03
2.058548331260681152e-01
3.075607717037200928e-01
6.163438782095909119e-03
-1.918174140155315399e-02
9.286165237426757812e-02
-2.167693525552749634e-02
3.217266499996185303e-01
-2.733113057911396027e-02
1.004239320755004883e-01
-2.900543436408042908e-02
1.786859631538391113e-01
-1.332056671380996704e-01
-4.816733300685882568e-02
6.969048827886581421e-02
-8.820043504238128662e-02
-6.244015321135520935e-02
-8.574756793677806854e-03
1.673061251640319824e-01
-1.355295032262802124e-01
-4.117939174175262451e-01
2.836833894252777100e-01
1.656380593776702881e-01
-1.642012596130371094e-01
-4.014820978045463562e-02
1.004698798060417175e-01
7.861230522394180298e-02
8.560243062674999237e-03
-1.467207223176956177e-01
3.837177157402038574e-02
2.079745531082153320e-01
-2.442057244479656219e-02
2.593227624893188477e-01
-8.410644717514514923e-03
4.181920737028121948e-02
1.322521120309829712e-01
-1.851184219121932983e-01
-1.455648057162761688e-02
3.311336738988757133e-03
