7.460620254278182983e-02
1.393484175205230713e-01
-3.230824768543243408e-01
4.747593030333518982e-02
9.440959244966506958e-02
-5.463115498423576355e-02
7.907884716987609863e-01
1.069370657205581665e-01
1.164106950163841248e-01
9.630981832742691040e-02
-5.822172388434410095e-02
-1.381540000438690186e-01
-1.464814972132444382e-02
9.970831871032714844e-02
1.687566339969635010e-01
9.286861866712570190e-02
-3.431745171546936035e-01
-1.153150200843811035e-02
-2.308439277112483978e-02
1.189047750085592270e-02
2.809656225144863129e-02
-2.170490324497222900e-01
-2.736015617847442627e-01
1.390490084886550903e-01
-2.925087139010429382e-02
5.029173567891120911e-02
3.719317913055419922e-01
8.450454473495483398e-02
4.527877271175384521e-02
1.240369454026222229e-01
-2.103935629129409790e-01
7.883978635072708130e-02
8.382721543312072754e-01
-3.914256393909454346e-02
1.943480409681797028e-02
-3.835585713386535645e-01
6.075969431549310684e-03
1.367079317569732666e-01
-2.213562726974487305e-01
-3.657882511615753174e-01
-1.972228754311800003e-03
3.437883257865905762e-01
-3.978064283728599548e-02
5.290062725543975830e-02
1.297829393297433853e-02
-2.509059617295861244e-03
4.636687040328979492e-02
3.331073746085166931e-02
3.217092156410217285e-01
6.003202125430107117e-02
-3.776804506778717041e-01
1.957672648131847382e-02
2.319061197340488434e-02
1.160370856523513794e-01
-4.417157545685768127e-02
-9.804110229015350342e-02
6.448368728160858154e-02
1.246823593974113464e-01
-5.255043506622314453e-01
1.376656442880630493e-01
-1.754799485206604004e-01
-5.628187656402587891e-01
3.954242169857025146e-02
4.123191162943840027e-02
-6.542905569076538086e-01
-5.145651847124099731e-02
4.606754183769226074e-01
-2.575066983699798584e-01
8.212599158287048340e-02
5.207229778170585632e-02
9.677373617887496948e-02
-1.635490683838725090e-03
1.232604458928108215e-01
-5.078070163726806641e-01
1.400218755006790161e-01
-2.814828418195247650e-02
1.131241098046302795e-01
7.568614673800766468e-04
-4.983754158020019531e-01
-5.691695213317871094e-02
-6.969900429248809814e-02
9.004889428615570068e-02
-5.194691941142082214e-02
8.795354515314102173e-02
-1.409255117177963257e-01
-1.654209382832050323e-02
-6.109837070107460022e-02
9.202846884727478027e-02
1.417262405157089233e-01
1.601436287164688110e-01
-5.435395985841751099e-03
5.305354949086904526e-03
-4.356139600276947021e-01
8.384401351213455200e-02
-2.321922481060028076e-01
9.201488643884658813e-02
-4.390730559825897217e-01
-3.119564652442932129e-01
-2.149973064661026001e-02
-2.519268989562988281e-01
