6.727688759565353394e-02
-2.205497175455093384e-01
2.169551253318786621e-01
-3.155310824513435364e-02
2.170197814702987671e-01
4.464669153094291687e-03
5.102254915982484818e-03
-1.622059941291809082e-02
3.119268119335174561e-01
1.676914393901824951e-01
-2.351449280977249146e-01
-4.491509869694709778e-02
1.015006601810455322e-01
1.854967772960662842e-01
1.354205608367919922e-01
1.327232271432876587e-01
-2.240891754627227783e-01
3.910985589027404785e-01
-1.216965541243553162e-01
2.232752889394760132e-01
6.085610017180442810e-02
1.134524866938591003e-02
3.564756736159324646e-02
6.314725428819656372e-02
1.230394914746284485e-01
2.656679153442382812e-01
3.691732510924339294e-02
-1.970541477203369141e-02
-5.439995229244232178e-02
-3.929321467876434326e-02
-1.514160782098770142e-01
1.251732856035232544e-01
5.114390328526496887e-02
1.157641485333442688e-01
2.345550805330276489e-02
-3.067487478256225586e-01
3.163328021764755249e-02
-9.410799294710159302e-02
6.351071596145629883e-02
-4.494484048336744308e-03
-5.492577701807022095e-02
1.145402863621711731e-01
2.905052900314331055e-01
-1.082949191331863403e-01
5.531328916549682617e-02
-5.696918070316314697e-02
-1.353675685822963715e-02
5.765850469470024109e-02
-8.891621232032775879e-02
-3.629961283877491951e-03
1.182483583688735962e-01
-7.203673571348190308e-02
1.551533211022615433e-02
1.297436375170946121e-02
1.957741007208824158e-02
1.116407886147499084e-01
2.495528608560562134e-01
9.812910109758377075e-02
1.229616999626159668e-01
2.404641956090927124e-01
-8.297229558229446411e-02
1.235215589404106140e-01
8.265310525894165039e-02
1.543289422988891602e-01
1.533808708190917969e-01
1.080325245857238770e-01
-6.233064457774162292e-02
-9.329001605510711670e-02
3.150212392210960388e-02
-1.336718909442424774e-02
1.384014487266540527e-01
-8.516754955053329468e-02
-7.596407085657119751e-02
5.662034079432487488e-02
9.704473614692687988e-02
-3.701858455315232277e-03
1.280499994754791260e-01
2.439742088317871094e-01
-9.881033748388290405e-02
-1.752750761806964874e-02
9.046690165996551514e-02
1.951287984848022461e-01
-3.782631456851959229e-02
1.447490788996219635e-02
1.771675795316696167e-01
4.639976844191551208e-02
1.272052377462387085e-01
-1.178330257534980774e-01
1.123009994626045227e-02
-1.697643399238586426e-01
1.269939243793487549e-01
6.203588563948869705e-03
2.428468018770217896e-01
1.580335795879364014e-01
-4.347794502973556519e-02
6.505122035741806030e-02
-5.466059595346450806e-02
-1.056475490331649780e-01
-1.499539464712142944e-01
9.809961169958114624e-02
