-1.914402544498443604e-01
-4.295827150344848633e-01
-6.371310353279113770e-01
-8.618259802460670471e-03
9.374969452619552612e-02
5.271131917834281921e-02
7.871251553297042847e-02
1.188773429021239281e-03
-4.293025471270084381e-03
-2.764521911740303040e-02
5.953767299652099609e-01
1.060147807002067566e-01
-1.240627765655517578e-01
6.935128569602966309e-02
-6.523838639259338379e-02
1.170471832156181335e-01
7.272930443286895752e-02
-4.413045048713684082e-01
-1.830856651067733765e-01
-2.696215212345123291e-01
5.145313590764999390e-02
-1.545249577611684799e-02
6.511685997247695923e-02
-2.853791415691375732e-01
4.825822543352842331e-03
-1.511055231094360352e-01
4.314833581447601318e-01
-3.881176933646202087e-02
8.048189431428909302e-02
5.683061107993125916e-02
6.602109968662261963e-02
4.168629273772239685e-02
6.385369598865509033e-02
-1.444775313138961792e-01
1.657872349023818970e-01
-2.672791182994842529e-01
1.045297682285308838e-01
6.453490257263183594e-02
6.484363228082656860e-02
-4.055190980434417725e-01
-3.361794725060462952e-02
8.448003977537155151e-02
2.473393529653549194e-01
5.185886099934577942e-02
-8.875349909067153931e-02
-2.103446610271930695e-02
-2.825657725334167480e-01
-1.910546720027923584e-01
-2.862687706947326660e-01
-3.537355065345764160e-01
9.669259190559387207e-02
-6.612450350075960159e-03
4.543478041887283325e-02
-3.767772316932678223e-01
-1.515641622245311737e-02
2.899522706866264343e-02
3.055440261960029602e-02
2.773799300193786621e-01
-2.039909213781356812e-01
-4.226568341255187988e-01
1.381181553006172180e-02
-3.233864530920982361e-02
-2.281440980732440948e-02
5.458182096481323242e-01
4.386970400810241699e-02
1.455539017915725708e-01
1.665460616350173950e-01
5.589969456195831299e-02
7.660989463329315186e-02
2.965391427278518677e-02
5.791694521903991699e-01
4.991132020950317383e-02
3.645287081599235535e-02
-8.873418846633285284e-05
1.189540773630142212e-01
2.946294378489255905e-03
4.434310644865036011e-02
-2.400257885456085205e-01
7.678037136793136597e-02
8.120653033256530762e-02
-1.243153959512710571e-01
4.235702380537986755e-02
1.721819043159484863e-01
1.280407607555389404e-01
-4.212154150009155273e-01
6.172299385070800781e-02
-2.878743708133697510e-01
5.984933674335479736e-02
-1.154177449643611908e-02
-4.238806664943695068e-03
-4.404679536819458008e-01
-3.374512195587158203e-01
6.954015046358108521e-02
-2.833066582679748535e-01
-2.766676992177963257e-02
-3.074784390628337860e-02
-6.654106080532073975e-02
5.964919328689575195e-01
-2.703615427017211914e-01
1.242309957742691040e-01
