-4.949178919196128845e-02
1.738488860428333282e-02
1.244636699557304382e-01
-1.216269843280315399e-02
8.474832028150558472e-02
1.176042482256889343e-01
1.248362101614475250e-02
-9.483506530523300171e-02
1.777026355266571045e-01
-1.105676032602787018e-02
-5.976474285125732422e-01
4.541533812880516052e-02
8.326005935668945312e-02
5.179151520133018494e-02
-9.602423012256622314e-02
2.075598984956741333e-01
8.012828230857849121e-02
-8.690283633768558502e-03
1.257144063711166382e-01
-2.421744912862777710e-02
2.626070007681846619e-02
1.771543920040130615e-01
1.739452928304672241e-01
-8.836436271667480469e-02
1.697790771722793579e-01
4.866389930248260498e-02
2.421461977064609528e-02
1.594919413328170776e-01
1.516686528921127319e-01
-1.136273425072431564e-02
-1.168148517608642578e-01
-1.646509319543838501e-01
1.865991950035095215e-01
2.812968194484710693e-01
7.796652615070343018e-02
1.228642370551824570e-02
1.714454740285873413e-01
-4.683859180659055710e-03
1.607658267021179199e-01
-1.549701243638992310e-01
-6.630338728427886963e-02
-1.874275058507919312e-01
-1.163452863693237305e-02
-8.536072075366973877e-02
-6.835719197988510132e-02
4.119045138359069824e-01
-4.747224226593971252e-02
2.320681139826774597e-02
3.198519349098205566e-02
-1.010105833411216736e-01
1.726699173450469971e-01
-2.410326711833477020e-02
5.399777740240097046e-02
1.547558419406414032e-02
-1.350192129611968994e-01
-2.461190521717071533e-02
8.971895277500152588e-02
1.664276272058486938e-01
2.999242395162582397e-02
1.289873849600553513e-02
2.430104464292526245e-02
-1.258948147296905518e-01
8.371123671531677246e-02
2.546734213829040527e-01
3.754796087741851807e-02
9.807369858026504517e-02
3.488055244088172913e-02
7.066230475902557373e-02
-1.040641143918037415e-01
2.016899138689041138e-01
-4.144851863384246826e-02
1.320729255676269531e-01
4.934126138687133789e-02
7.045140117406845093e-02
-4.121412709355354309e-02
-2.865052036941051483e-02
-1.336461156606674194e-01
1.604825258255004883e-01
1.205316707491874695e-01
1.219431683421134949e-01
-8.801867067813873291e-02
5.947787314653396606e-02
8.205181360244750977e-02
1.254385858774185181e-01
2.555971732363104820e-03
1.821047514677047729e-01
-2.252829819917678833e-02
6.022544577717781067e-03
5.474167317152023315e-02
2.353718429803848267e-01
1.829345226287841797e-01
-1.421264000236988068e-02
3.734057024121284485e-02
1.346027553081512451e-01
1.132869794964790344e-01
3.111526370048522949e-02
-1.258815173059701920e-02
1.568152010440826416e-01
4.461645148694515228e-04
1.721905618906021118e-01
