-8.086057007312774658e-02
-1.205727085471153259e-01
-2.022176980972290039e-02
1.969569325447082520e-01
2.841978073120117188e-01
1.395990252494812012e-01
-6.514081358909606934e-02
1.237744614481925964e-01
-4.319071024656295776e-02
-2.481856495141983032e-01
-2.041584812104701996e-03
7.723130285739898682e-02
-6.633027642965316772e-02
1.886188685894012451e-01
1.058499366044998169e-01
1.082067787647247314e-01
-7.816454023122787476e-02
5.008314177393913269e-02
-3.449123352766036987e-02
6.304986029863357544e-02
1.255095601081848145e-01
-1.421974748373031616e-01
1.945557147264480591e-01
-6.741750240325927734e-02
2.643771767616271973e-01
-1.089615970849990845e-01
1.719739288091659546e-01
-4.380203038454055786e-02
4.544596076011657715e-01
-1.090749874711036682e-01
2.497545480728149414e-01
2.427797392010688782e-02
4.152176901698112488e-02
-1.102148666977882385e-01
-2.226793207228183746e-02
-5.882804095745086670e-02
2.266448587179183960e-01
1.774942725896835327e-01
2.360247671604156494e-01
-7.200326025485992432e-02
2.167930752038955688e-01
4.302051961421966553e-01
1.426299363374710083e-01
-2.075068652629852295e-02
-4.965865239500999451e-02
1.547010540962219238e-01
1.398521848022937775e-02
-1.876235008239746094e-01
1.159680336713790894e-01
-1.157130226492881775e-01
2.891364097595214844e-01
2.280434370040893555e-01
-9.945295751094818115e-02
1.441839486360549927e-01
1.700296550989151001e-01
4.541939496994018555e-02
2.384609580039978027e-01
1.708960533142089844e-01
2.681483626365661621e-01
1.740506440401077271e-01
8.843516558408737183e-02
2.308796495199203491e-01
2.032185643911361694e-01
1.150732636451721191e-01
-5.417943000793457031e-03
-6.630747020244598389e-02
1.816097199916839600e-01
-4.261901676654815674e-01
-1.481477022171020508e-01
1.952032893896102905e-01
2.834747135639190674e-01
2.690877914428710938e-01
2.456826269626617432e-01
-2.981115877628326416e-01
2.977297641336917877e-02
-6.541246920824050903e-02
-1.380075048655271530e-02
1.327021270990371704e-01
-1.121135354042053223e-01
5.577957034111022949e-01
2.897987365722656250e-01
1.591633707284927368e-01
-4.708392545580863953e-02
9.144140034914016724e-02
1.652789860963821411e-01
2.145807892084121704e-01
2.311344072222709656e-02
2.921711802482604980e-01
2.294965982437133789e-01
2.470244318246841431e-01
5.234693884849548340e-01
-7.342083007097244263e-02
2.251894921064376831e-01
1.770284958183765411e-02
2.706756889820098877e-01
3.040548972785472870e-02
3.535915538668632507e-02
3.304974734783172607e-01
-1.010015010833740234e-01
-9.439151734113693237e-02
