1.406680792570114136e-01
-5.557901784777641296e-02
-6.721919775009155273e-02
9.379033930599689484e-03
8.466374874114990234e-02
-6.240951642394065857e-02
5.860397592186927795e-02
-4.677458405494689941e-01
2.251316560432314873e-03
-3.445524871349334717e-01
-2.274654805660247803e-01
1.618316955864429474e-02
-4.087099730968475342e-01
8.914755284786224365e-02
-1.835796684026718140e-01
1.603077747859060764e-03
-2.120911516249179840e-02
-2.008702838793396950e-03
1.854271590709686279e-01
-8.211515843868255615e-03
1.098640263080596924e-01
1.533955521881580353e-02
5.281442776322364807e-02
-3.409179449081420898e-01
5.404476076364517212e-02
-3.573357760906219482e-01
4.459934681653976440e-02
-3.914956152439117432e-01
5.947873592376708984e-01
-4.040132164955139160e-01
1.028984934091567993e-01
9.196583181619644165e-02
1.033973917365074158e-01
1.060422897338867188e+00
-4.373361170291900635e-01
2.445923984050750732e-01
5.780068039894104004e-02
8.246966451406478882e-02
1.219519153237342834e-01
-4.683950915932655334e-02
9.086865186691284180e-02
4.815920293331146240e-01
2.142729237675666809e-02
-3.030615746974945068e-01
-1.533528696745634079e-02
6.388910114765167236e-02
4.616597667336463928e-03
-2.576940953731536865e-01
9.680844843387603760e-02
-7.269396632909774780e-02
1.160468906164169312e-01
3.793258592486381531e-02
-3.395086228847503662e-01
7.585433125495910645e-02
1.032020077109336853e-01
-9.826846653595566750e-04
4.292592033743858337e-02
6.063457950949668884e-02
8.910802751779556274e-02
7.943637669086456299e-02
2.510011196136474609e-01
5.338280275464057922e-02
9.705770760774612427e-02
2.221770398318767548e-02
9.492462873458862305e-02
5.229282975196838379e-01
3.036468103528022766e-02
-1.965970695018768311e-01
-8.498522453010082245e-03
2.108045481145381927e-02
9.433123469352722168e-02
1.093199104070663452e-01
7.755125313997268677e-02
-4.169417619705200195e-01
5.429716315120458603e-03
-3.530316948890686035e-01
-3.412557542324066162e-01
5.192629992961883545e-02
-2.504793554544448853e-02
4.065550267696380615e-01
1.363907456398010254e-01
2.725789323449134827e-02
-3.255544230341911316e-02
7.853200659155845642e-03
1.217340156435966492e-01
6.278490275144577026e-02
7.234620861709117889e-04
7.181549817323684692e-02
9.428390115499496460e-02
1.132295131683349609e-01
3.184706270694732666e-01
-7.777515333145856857e-03
1.226908266544342041e-01
-6.095274351537227631e-03
6.386379152536392212e-02
-1.279191374778747559e-01
3.787989495322108269e-03
1.817974746227264404e-01
-2.796851098537445068e-01
-1.147066522389650345e-02
