-5.526694059371948242e-01
1.241869628429412842e-01
-2.781483829021453857e-01
9.753552079200744629e-02
-1.035888027399778366e-02
-2.091978788375854492e-01
-6.711273789405822754e-01
-2.721693813800811768e-01
1.038278788328170776e-01
5.650185421109199524e-02
4.266867786645889282e-02
-9.888720512390136719e-02
-2.743314504623413086e-01
9.412619471549987793e-02
-2.733341418206691742e-02
-9.426591396331787109e-01
1.621514558792114258e-01
1.216697469353675842e-01
-3.140686750411987305e-01
9.329486638307571411e-02
7.375624775886535645e-02
-4.855146706104278564e-01
-1.040777098387479782e-02
-2.030907869338989258e-01
-3.506914675235748291e-01
-2.410646528005599976e-01
1.790500432252883911e-02
-3.050158023834228516e-01
-4.132366180419921875e-01
5.579187069088220596e-03
1.005789339542388916e-01
2.451145648956298828e-02
-3.192412555217742920e-01
-5.146572738885879517e-02
-2.272455021739006042e-02
1.124318838119506836e+00
4.581750556826591492e-02
8.097898215055465698e-02
-4.618731141090393066e-01
5.216916650533676147e-02
-3.859315216541290283e-01
-3.807716369628906250e-01
-4.347179830074310303e-02
4.526322335004806519e-02
6.252245511859655380e-03
3.014908544719219208e-02
3.587327152490615845e-02
1.202806904911994934e-01
-1.695019751787185669e-02
6.134929135441780090e-02
-3.622002601623535156e-01
-8.492889814078807831e-03
1.255279481410980225e-01
-4.650798141956329346e-01
-8.773936331272125244e-02
9.319805502891540527e-01
-3.682583272457122803e-01
2.859193384647369385e-01
-2.999380789697170258e-02
-2.632916904985904694e-03
1.046467497944831848e-01
-2.494209632277488708e-02
3.616481646895408630e-02
8.319053053855895996e-02
-1.539949048310518265e-02
3.556936746463179588e-03
-4.328005611896514893e-01
3.060485050082206726e-02
-1.259442325681447983e-02
1.158731058239936829e-01
-4.735824465751647949e-01
6.541184335947036743e-02
-4.975151717662811279e-01
5.214438214898109436e-02
4.890682175755500793e-02
-2.895475625991821289e-01
2.657774370163679123e-03
-6.775398850440979004e-01
-2.171550877392292023e-02
1.099919438362121582e+00
3.933671861886978149e-02
9.753673523664474487e-02
1.066126450896263123e-01
1.371640991419553757e-02
7.300870120525360107e-02
1.098185256123542786e-01
7.353840023279190063e-02
-3.056744933128356934e-01
6.756601333618164062e-01
-2.697433531284332275e-01
6.210473179817199707e-02
1.047756373882293701e-01
2.559872567653656006e-01
-3.660528659820556641e-01
-3.908436000347137451e-01
1.385993231087923050e-02
-7.240551710128784180e-01
2.334736753255128860e-03
-3.596365153789520264e-01
4.194637387990951538e-02
