9.741410613059997559e-02
1.619614362716674805e-01
3.429529368877410889e-01
3.523881435394287109e-01
1.912718564271926880e-01
-9.125316143035888672e-02
-1.689187288284301758e-01
6.076550483703613281e-02
8.458027988672256470e-02
3.185469806194305420e-01
3.262133598327636719e-01
2.132660895586013794e-01
6.555571220815181732e-03
2.490371018648147583e-01
2.517138421535491943e-01
8.986847102642059326e-02
5.636268481612205505e-02
-2.403456345200538635e-02
1.591460853815078735e-01
8.844175934791564941e-02
2.261385172605514526e-01
7.053039222955703735e-02
-1.101038679480552673e-01
4.555481672286987305e-02
1.426208615303039551e-01
2.006961703300476074e-01
8.796165883541107178e-02
-6.793308258056640625e-02
1.239585280418395996e-01
-7.433027029037475586e-02
2.262133061885833740e-01
-2.273260988295078278e-02
-1.213643997907638550e-01
1.522807180881500244e-01
2.399280667304992676e-01
2.319927662611007690e-01
1.698741912841796875e-01
-1.988632604479789734e-02
1.832202374935150146e-01
1.369031518697738647e-01
6.271828711032867432e-02
-1.352766901254653931e-01
-9.549909830093383789e-02
2.498780637979507446e-01
8.289989829063415527e-02
2.024860233068466187e-01
1.380125582218170166e-01
-1.063596606254577637e-01
-7.973161339759826660e-02
2.096645981073379517e-01
-4.330319538712501526e-02
2.380879968404769897e-01
2.117692977190017700e-01
1.228157654404640198e-01
9.511441737413406372e-02
1.629981100559234619e-01
-1.086590229533612728e-03
-2.754157409071922302e-02
1.676499247550964355e-01
1.225181743502616882e-01
5.676005780696868896e-02
2.385692596435546875e-01
-5.435174098238348961e-04
1.083131954073905945e-01
2.062451392412185669e-01
7.897288352251052856e-02
3.027989268302917480e-01
3.979500755667686462e-02
1.477973908185958862e-02
1.802677959203720093e-01
-6.628287583589553833e-02
1.467331945896148682e-01
-3.243770077824592590e-02
-1.431391090154647827e-01
-2.665082551538944244e-02
9.026025980710983276e-02
7.385759800672531128e-02
3.748710826039314270e-02
-1.214295998215675354e-01
1.572492271661758423e-01
2.319896519184112549e-01
2.252781204879283905e-02
2.823518216609954834e-01
1.466637849807739258e-01
1.501843631267547607e-01
1.311272382736206055e-01
7.888121157884597778e-02
8.957506716251373291e-02
-2.481717057526111603e-02
-4.684022441506385803e-02
4.063235968351364136e-02
1.082062423229217529e-01
2.152120471000671387e-01
1.202996633946895599e-02
-2.935937792062759399e-02
5.742883309721946716e-02
1.006673350930213928e-01
3.068957924842834473e-01
7.985670119524002075e-02
3.475643694400787354e-01
