5.801515653729438782e-02
3.428171873092651367e-01
3.209605515003204346e-01
2.592118978500366211e-01
-1.993103511631488800e-02
-1.887021213769912720e-02
2.804340720176696777e-01
-1.868064999580383301e-01
2.116055488586425781e-01
5.177728086709976196e-02
3.068302012979984283e-02
-5.688149947673082352e-03
3.663714230060577393e-01
2.394714206457138062e-01
-9.663111716508865356e-02
-2.942287921905517578e-02
1.050096284598112106e-02
-2.854900956153869629e-01
3.167470684275031090e-03
-1.049601137638092041e-01
2.512165904045104980e-01
-2.476506680250167847e-02
-7.358238101005554199e-02
-4.621814191341400146e-02
3.299825191497802734e-01
5.358216539025306702e-02
2.238199114799499512e-01
4.700772836804389954e-02
-4.985617101192474365e-02
-2.584316208958625793e-02
2.479737550020217896e-01
3.063630461692810059e-01
-1.279312372207641602e-01
2.302106022834777832e-01
3.405995070934295654e-01
-1.432028971612453461e-02
-4.482086896896362305e-01
-4.052036907523870468e-03
2.881821990013122559e-01
1.216630339622497559e-01
4.439143836498260498e-02
-1.305997967720031738e-01
3.992505371570587158e-01
3.832322955131530762e-01
2.497078329324722290e-01
2.799621522426605225e-01
-9.540098905563354492e-02
3.266094326972961426e-01
2.942565828561782837e-02
-1.079106852412223816e-01
2.225353568792343140e-01
2.851160615682601929e-02
-1.241016015410423279e-01
-1.003637015819549561e-01
1.449069660156965256e-02
-1.049559935927391052e-01
-6.595781445503234863e-02
3.412927687168121338e-01
3.688938617706298828e-01
-8.664459735155105591e-02
2.789472341537475586e-01
2.913782298564910889e-01
2.833166122436523438e-01
-7.258746773004531860e-02
2.098960578441619873e-01
2.659457325935363770e-01
3.956990316510200500e-02
1.064942851662635803e-01
-1.382983196526765823e-02
2.747815549373626709e-01
2.560645341873168945e-01
3.027766644954681396e-01
3.085423260927200317e-02
3.060587346553802490e-01
-3.022748231887817383e-01
4.197256267070770264e-01
3.366461992263793945e-01
-3.863764554262161255e-02
1.827979981899261475e-01
2.684150934219360352e-01
2.358929440379142761e-02
3.293072283267974854e-01
3.324235081672668457e-01
-2.615061104297637939e-01
-7.898969948291778564e-02
3.684512376785278320e-01
3.042766153812408447e-01
-8.118415623903274536e-02
8.625309914350509644e-02
3.120311200618743896e-01
2.896972559392452240e-02
-2.946718595921993256e-02
1.357226073741912842e-01
2.445699721574783325e-01
3.168451189994812012e-01
-4.790430516004562378e-02
3.691838979721069336e-01
-6.926131248474121094e-02
3.640874624252319336e-01
-4.504264891147613525e-02
