-7.203578203916549683e-02
5.874090641736984253e-02
8.402867615222930908e-02
1.052467450499534607e-01
-4.537360370159149170e-02
-6.062621995806694031e-02
1.012565046548843384e-01
-4.167024791240692139e-01
3.072113543748855591e-02
-6.301584839820861816e-02
-3.205470368266105652e-02
-6.149312853813171387e-02
7.617303729057312012e-02
5.831763520836830139e-02
3.170998021960258484e-02
-3.746024891734123230e-02
-1.397436708211898804e-01
-3.838814496994018555e-01
2.547118347138166428e-03
-2.649831399321556091e-02
4.438885301351547241e-02
-1.598891615867614746e-02
-5.632270872592926025e-02
5.091834068298339844e-02
4.662470147013664246e-02
-4.540456458926200867e-03
4.712472483515739441e-02
-2.135898359119892120e-02
-8.220480382442474365e-02
-6.781209260225296021e-02
4.131562635302543640e-02
5.854297056794166565e-02
-5.510394647717475891e-02
8.618815988302230835e-02
5.985257029533386230e-02
2.032196335494518280e-02
-6.586929559707641602e-01
-5.082436650991439819e-02
2.297446504235267639e-02
2.997666001319885254e-01
-4.265930503606796265e-02
-2.778685390949249268e-01
8.466804027557373047e-02
1.284696608781814575e-01
1.009771153330802917e-01
1.223554983735084534e-01
2.128785848617553711e-02
4.104549437761306763e-02
-6.909424811601638794e-02
2.373724244534969330e-02
8.511889725923538208e-02
-5.042934045195579529e-02
1.273008063435554504e-02
-2.523947320878505707e-02
-6.700381636619567871e-02
-1.897204085253179073e-03
-2.792138978838920593e-02
8.521762490272521973e-02
1.077588349580764771e-01
5.611858144402503967e-02
2.973002940416336060e-02
9.520170837640762329e-02
3.816531226038932800e-02
-6.301831454038619995e-02
1.565495319664478302e-02
7.320058345794677734e-02
-3.809219971299171448e-02
1.592037677764892578e-01
-7.789895683526992798e-02
5.684970319271087646e-02
4.892169311642646790e-02
1.010825857520103455e-01
-2.907500974833965302e-02
6.228610128164291382e-02
-4.045155048370361328e-01
1.279426217079162598e-01
1.351545751094818115e-01
-2.945864573121070862e-02
9.937167167663574219e-03
1.367265731096267700e-01
-6.313760578632354736e-02
1.014075428247451782e-01
3.934552520513534546e-02
-3.988544642925262451e-01
1.066204998642206192e-02
8.308529853820800781e-02
1.153969466686248779e-01
-6.563566159456968307e-03
-8.891399949789047241e-03
5.863493680953979492e-02
-3.980238363146781921e-02
-3.031636774539947510e-02
1.068705171346664429e-01
2.305430471897125244e-01
1.214622855186462402e-01
-1.868155971169471741e-02
1.380470544099807739e-01
-9.218997322022914886e-03
1.262520402669906616e-01
-2.577971480786800385e-02
