2.795169651508331299e-01
3.459021449089050293e-01
6.386504322290420532e-02
-1.700546965003013611e-02
3.725898265838623047e-01
2.263182215392589569e-02
6.500902026891708374e-02
-7.140550762414932251e-02
-4.841274395585060120e-02
3.718746304512023926e-01
-2.541459910571575165e-02
3.625218868255615234e-01
-3.895983397960662842e-01
3.623820543289184570e-01
3.534980118274688721e-01
-1.221144720911979675e-01
-1.707992865703999996e-03
-3.798462450504302979e-02
-4.419670905917882919e-03
-5.604351684451103210e-02
-1.019901931285858154e-01
-3.546099662780761719e-01
1.486795395612716675e-02
3.392511308193206787e-01
1.760525256395339966e-02
3.084763288497924805e-01
4.339328110218048096e-01
-2.044820599257946014e-02
-1.002608686685562134e-01
2.659559845924377441e-01
3.451560139656066895e-01
-1.178048625588417053e-01
3.099419176578521729e-01
-1.012809425592422485e-01
-1.035480946302413940e-01
3.784415721893310547e-01
2.965111471712589264e-02
4.583195149898529053e-01
2.391918152570724487e-01
3.471552133560180664e-01
3.205149173736572266e-01
-1.410613488405942917e-02
-1.124949082732200623e-01
8.521454036235809326e-02
2.261520735919475555e-02
3.574594259262084961e-01
3.764763176441192627e-01
3.601330518722534180e-01
1.973380334675312042e-02
-5.874935984611511230e-01
2.832613289356231689e-01
-1.569636315107345581e-01
3.161802142858505249e-02
3.113476634025573730e-01
3.672704100608825684e-01
3.270336091518402100e-01
-1.203792840242385864e-01
-1.203403100371360779e-01
2.687367796897888184e-01
4.861362278461456299e-02
3.344104588031768799e-01
2.858723104000091553e-01
2.187705487012863159e-01
-1.206596568226814270e-01
4.461994767189025879e-01
-2.446320280432701111e-02
4.504959881305694580e-01
-1.094066575169563293e-01
3.725740015506744385e-01
9.011081419885158539e-03
3.504496812820434570e-02
2.710259705781936646e-02
3.785881400108337402e-01
3.795351088047027588e-01
3.052928447723388672e-01
4.211349487304687500e-01
2.243047766387462616e-02
-8.331299573183059692e-02
4.195711314678192139e-01
-1.350919008255004883e-01
-1.014211624860763550e-01
-3.875698745250701904e-01
-1.080110892653465271e-01
1.109834611415863037e-01
-1.663164943456649780e-01
-9.158831089735031128e-02
-2.156684547662734985e-01
4.385149572044610977e-03
-2.545040845870971680e-01
-8.946045488119125366e-02
1.089718788862228394e-01
-2.236414141952991486e-02
3.080554306507110596e-01
-7.942210137844085693e-02
-2.803577184677124023e-01
-3.825680911540985107e-01
-1.328259706497192383e-01
2.987234592437744141e-01
-1.670686602592468262e-01
4.141517356038093567e-02
