2.937726117670536041e-02
-8.710116893053054810e-02
-9.645882993936538696e-02
-5.076086893677711487e-02
2.572390139102935791e-01
-8.898971229791641235e-02
3.642162680625915527e-01
-2.205704525113105774e-02
2.705847024917602539e-01
-1.080845370888710022e-01
-7.965209335088729858e-02
-1.696853041648864746e-01
2.904197871685028076e-01
3.323780596256256104e-01
3.271172344684600830e-01
-2.627301961183547974e-02
2.756077051162719727e-01
-4.032409284263849258e-03
-2.622879482805728912e-02
-2.903400175273418427e-02
-2.411751002073287964e-01
4.129720479249954224e-02
4.179864525794982910e-01
3.439152538776397705e-01
-8.260399103164672852e-02
-2.795636057853698730e-01
3.924277424812316895e-01
3.863946795463562012e-01
3.056955039501190186e-01
-7.472740113735198975e-02
-1.136079803109169006e-01
4.098320007324218750e-01
-9.711599349975585938e-02
2.149784266948699951e-01
-1.093418616801500320e-02
-3.660007566213607788e-02
-3.018687069416046143e-01
4.489386826753616333e-02
-8.934761583805084229e-02
3.665415346622467041e-01
-9.910260140895843506e-02
1.941836206242442131e-03
-1.108083352446556091e-01
3.426194489002227783e-01
2.704466506838798523e-02
3.986279666423797607e-01
-1.311794519424438477e-01
2.986707687377929688e-01
-3.078492879867553711e-01
3.496584594249725342e-01
2.557897269725799561e-01
-8.710865676403045654e-02
-6.419070065021514893e-02
-3.842164203524589539e-02
-3.673168271780014038e-02
-3.924575075507164001e-02
-1.204735934734344482e-01
2.204176969826221466e-02
4.247500896453857422e-01
2.835146784782409668e-01
-9.130816161632537842e-02
3.911000862717628479e-02
2.739560008049011230e-01
-8.668911457061767578e-02
-2.940671518445014954e-02
-1.172935813665390015e-01
-6.016951054334640503e-02
2.689552009105682373e-01
3.670935630798339844e-01
2.610755860805511475e-01
-1.010370999574661255e-01
-5.437752977013587952e-02
3.516176640987396240e-01
1.261965930461883545e-01
3.462840616703033447e-01
-6.282839179039001465e-02
-9.904998540878295898e-02
9.168445318937301636e-02
-2.093045860528945923e-01
4.066767394542694092e-01
1.868387013673782349e-01
-6.658460199832916260e-02
4.190057814121246338e-01
-1.334343403577804565e-01
3.849236965179443359e-01
2.078754007816314697e-01
3.957911729812622070e-01
3.709147870540618896e-01
3.055398166179656982e-01
-1.190700940787792206e-02
-2.306641452014446259e-02
2.508455216884613037e-01
-3.457212448120117188e-02
2.040802538394927979e-01
-7.088781800121068954e-03
2.785308957099914551e-01
2.525278031826019287e-01
-1.224628388881683350e-01
-3.142808750271797180e-02
3.043946027755737305e-01
