-3.537710756063461304e-02
-4.865631088614463806e-02
4.055842757225036621e-03
-9.545681066811084747e-03
6.706302613019943237e-02
-7.572594098746776581e-03
1.168939545750617981e-01
-8.716128766536712646e-02
4.704873263835906982e-02
-3.296361491084098816e-02
-1.186848431825637817e-02
-3.572150468826293945e-01
3.461857885122299194e-02
1.217779740691184998e-01
6.921166181564331055e-02
-8.570061065256595612e-03
3.694141283631324768e-02
-8.543625473976135254e-02
7.479657419025897980e-03
-1.331560430116951466e-03
-1.631143093109130859e-01
-3.335335478186607361e-02
1.426320225000381470e-01
8.967323601245880127e-02
-2.151118218898773193e-02
-3.386206924915313721e-01
1.398860961198806763e-01
9.494259208440780640e-02
5.753304809331893921e-02
-2.816643565893173218e-02
2.976026572287082672e-02
1.495471298694610596e-01
-5.600757524371147156e-02
1.036090869456529617e-02
-2.876277081668376923e-02
-7.255633175373077393e-02
-2.224037647247314453e-01
1.330136135220527649e-02
7.390470057725906372e-02
1.272901296615600586e-01
-7.006099820137023926e-02
8.918425068259239197e-03
-5.915664434432983398e-01
7.850977778434753418e-02
-6.453359872102737427e-02
1.482453495264053345e-01
1.454329211264848709e-02
9.706067293882369995e-02
-1.759117096662521362e-01
7.945045083761215210e-02
4.906019940972328186e-02
-4.537493363022804260e-02
-1.681674718856811523e-01
-7.445523887872695923e-02
-2.323372988030314445e-03
-4.834717884659767151e-02
-2.020358806475996971e-03
-2.509878017008304596e-02
1.342586576938629150e-01
5.764874443411827087e-02
-3.588899737223982811e-03
-1.062520816922187805e-01
8.062238991260528564e-02
4.083458043169230223e-04
-1.896715722978115082e-02
2.408877015113830566e-02
-7.341167330741882324e-02
3.146367967128753662e-01
5.421076714992523193e-02
1.046834141016006470e-01
-8.091722428798675537e-02
-6.223058328032493591e-02
9.431295096874237061e-02
-9.544100612401962280e-03
1.532819867134094238e-01
7.304013706743717194e-03
-4.494687076658010483e-03
1.760471016168594360e-01
-3.397187292575836182e-01
1.413035988807678223e-01
1.332377642393112183e-01
-6.117112562060356140e-02
9.811645746231079102e-02
-4.219229891896247864e-02
8.542583137750625610e-02
4.365273565053939819e-02
1.029112935066223145e-01
1.472689360380172729e-01
3.054486215114593506e-01
-1.869758591055870056e-02
1.503615826368331909e-02
9.059865772724151611e-02
-1.770319789648056030e-02
1.747068911790847778e-01
-4.159987717866897583e-02
5.206298083066940308e-03
6.715628504753112793e-02
2.878767810761928558e-02
-2.584148896858096123e-03
1.119438000023365021e-02
