-8.174355328083038330e-02
1.914393343031406403e-02
6.975165009498596191e-02
1.234820559620857239e-01
-1.332897841930389404e-01
6.692390888929367065e-02
2.102317810058593750e-01
2.297846600413322449e-02
-9.616997838020324707e-02
1.603959351778030396e-01
6.481025367975234985e-02
1.279586553573608398e-01
1.269236356019973755e-01
7.873450219631195068e-02
5.088949203491210938e-02
2.688091993331909180e-01
1.996792703866958618e-01
-6.345817446708679199e-02
1.989430785179138184e-01
2.864603139460086823e-02
-5.517320334911346436e-02
1.246033012866973877e-01
-5.317816510796546936e-02
1.250600367784500122e-01
3.591633960604667664e-02
1.098932549357414246e-01
-7.962825149297714233e-02
2.322107255458831787e-01
2.872147858142852783e-01
3.635183675214648247e-04
-8.232537657022476196e-03
1.941988021135330200e-01
3.299603164196014404e-01
1.361165195703506470e-01
1.615214198827743530e-01
2.031792551279067993e-01
1.585614234209060669e-01
-5.633182823657989502e-02
1.154065728187561035e-01
2.289755642414093018e-01
-9.718269854784011841e-02
2.078134417533874512e-01
-9.408086538314819336e-02
1.896571516990661621e-01
6.684918701648712158e-02
1.826320588588714600e-01
-9.531107544898986816e-02
1.389430612325668335e-01
-1.261576730757951736e-02
1.886691600084304810e-01
2.716130316257476807e-01
1.979372650384902954e-01
-6.705913692712783813e-02
1.929719150066375732e-01
1.357793924398720264e-03
-3.756210580468177795e-02
-9.692979604005813599e-02
1.227231249213218689e-01
2.503063082695007324e-01
6.493503600358963013e-02
2.769452929496765137e-01
2.710575759410858154e-01
2.027832269668579102e-01
7.589156925678253174e-02
2.921836972236633301e-01
4.264090582728385925e-02
2.339117974042892456e-02
-6.951735168695449829e-02
-1.037334129214286804e-01
6.915144622325897217e-02
-1.067503355443477631e-02
2.316426858305931091e-02
9.708520770072937012e-02
1.747112534940242767e-02
4.958704486489295959e-02
1.135040745139122009e-01
1.180827021598815918e-01
2.173559218645095825e-01
-6.968325469642877579e-03
1.489982157945632935e-01
-1.633422262966632843e-02
-1.075794100761413574e-01
-2.921795286238193512e-02
2.234871983528137207e-01
-6.605238467454910278e-02
8.086897432804107666e-02
1.401771456003189087e-01
2.219168841838836670e-01
-2.739215083420276642e-02
2.569898664951324463e-01
1.835280656814575195e-02
-1.019838675856590271e-01
1.459560245275497437e-01
-6.200455501675605774e-02
4.794721305370330811e-02
3.446850776672363281e-01
8.162049949169158936e-02
1.582163721323013306e-01
-5.730642378330230713e-02
2.650225162506103516e-01
