3.665551841259002686e-01
3.355806469917297363e-01
-1.406783331185579300e-02
-1.272245496511459351e-01
6.604971736669540405e-02
2.641929313540458679e-02
-2.586092650890350342e-01
3.279408812522888184e-01
5.567385256290435791e-02
-6.197094917297363281e-02
-1.195878833532333374e-01
-4.172345250844955444e-02
-3.212651610374450684e-02
2.101661562919616699e-01
4.408023357391357422e-01
1.111517474055290222e-01
-3.872224092483520508e-01
-1.289426535367965698e-01
3.815497756004333496e-01
-3.743287622928619385e-01
3.455592989921569824e-01
2.156648971140384674e-02
-7.400232553482055664e-02
-1.399168670177459717e-01
1.261325329542160034e-01
-5.503711104393005371e-02
1.597377359867095947e-01
-5.978432297706604004e-02
2.894602417945861816e-01
-1.652304530143737793e-01
-6.936246156692504883e-02
-5.208095908164978027e-02
-1.061042621731758118e-01
1.154009699821472168e-01
-7.695478200912475586e-02
4.166557788848876953e-01
3.947951197624206543e-01
-7.205890864133834839e-02
4.046022593975067139e-01
4.511686265468597412e-01
4.201164096593856812e-02
8.327671140432357788e-02
-9.330169856548309326e-02
3.054670691490173340e-01
6.466431915760040283e-02
-1.169271469116210938e-01
4.442614614963531494e-01
-1.756646037101745605e-01
4.433406293392181396e-01
2.988246083259582520e-01
-1.479284018278121948e-01
-2.237650379538536072e-02
-1.213176101446151733e-01
-5.036795735359191895e-01
4.064507186412811279e-01
-1.127343848347663879e-01
-1.801153719425201416e-01
4.499506577849388123e-02
4.081077277660369873e-01
9.092726558446884155e-02
-7.401465438306331635e-03
1.867617964744567871e-01
5.717806145548820496e-02
-7.337734848260879517e-02
4.035005867481231689e-01
-1.120650917291641235e-01
-2.949990518391132355e-02
1.198001950979232788e-02
1.460231095552444458e-01
4.190984368324279785e-01
-7.419903576374053955e-02
2.025374323129653931e-01
-1.152222156524658203e-01
3.348716795444488525e-01
4.017556011676788330e-01
-4.361348226666450500e-02
4.052778184413909912e-01
4.094828963279724121e-01
-5.583053454756736755e-03
2.990487515926361084e-01
-6.412144005298614502e-02
2.783352136611938477e-01
-5.583735182881355286e-02
2.108070999383926392e-02
3.633037507534027100e-01
2.129766531288623810e-02
-3.045860864222049713e-02
-6.274197995662689209e-02
4.219384789466857910e-01
3.837652802467346191e-01
3.385429382324218750e-01
-3.771192952990531921e-02
-4.364689067006111145e-02
-8.146860450506210327e-02
3.763822019100189209e-01
-1.265816539525985718e-01
1.401632428169250488e-01
-8.086269348859786987e-02
-6.061635538935661316e-02
-4.600193202495574951e-01
