1.173623651266098022e-01
5.444208160042762756e-03
8.356943130493164062e-01
8.830373734235763550e-02
8.632563799619674683e-02
-7.456270046532154083e-03
-6.297256350517272949e-01
3.639360074885189533e-04
-7.986052893102169037e-03
-2.576551958918571472e-02
3.429363248869776726e-03
-4.376326128840446472e-02
9.853725321590900421e-03
3.317633271217346191e-02
8.749667555093765259e-02
-2.428742945194244385e-01
-4.338259398937225342e-01
-7.303900201804935932e-04
1.195485144853591919e-01
-6.778249144554138184e-01
6.393761187791824341e-02
3.719922602176666260e-01
-2.702514529228210449e-01
-1.710039004683494568e-02
2.738118767738342285e-01
-3.371763974428176880e-02
-1.889365017414093018e-01
-5.633739288896322250e-03
4.150221869349479675e-02
2.796133160591125488e-01
-3.529537096619606018e-02
5.004672408103942871e-01
-3.960243612527847290e-02
2.387014776468276978e-02
2.701519615948200226e-02
1.221530959010124207e-01
8.888746798038482666e-02
-3.168133497238159180e-01
1.051295399665832520e-01
1.150216087698936462e-01
1.524579804390668869e-02
2.519775331020355225e-01
-2.249492518603801727e-02
1.416498050093650818e-02
-2.492959611117839813e-02
3.042557835578918457e-01
1.272450983524322510e-01
-6.608837246894836426e-01
1.196197047829627991e-01
2.917276136577129364e-02
-2.504361867904663086e-01
-5.816896446049213409e-03
-3.600157797336578369e-02
-3.160756230354309082e-01
3.078758902847766876e-02
-4.406426548957824707e-01
-1.894042044878005981e-01
2.745324075222015381e-01
8.854890614748001099e-02
-2.196575999259948730e-01
3.673799568787217140e-03
8.067664504051208496e-02
4.072591662406921387e-01
5.358230322599411011e-02
7.227176427841186523e-02
6.303161848336458206e-03
-4.631642997264862061e-02
7.522686850279569626e-03
2.100664004683494568e-02
5.776007473468780518e-02
2.864657938480377197e-01
1.820355504751205444e-01
-3.172702789306640625e-01
9.986671060323715210e-02
5.731396377086639404e-02
-2.492752224206924438e-01
8.345338702201843262e-02
4.652912914752960205e-02
-6.149585545063018799e-02
4.878768697381019592e-02
3.196384292095899582e-03
-3.907545469701290131e-03
-3.650970757007598877e-02
3.300086259841918945e-01
6.465672701597213745e-02
6.133380811661481857e-03
-4.693146795034408569e-02
-8.283658325672149658e-02
1.025530397891998291e-01
4.287939146161079407e-02
4.353632032871246338e-02
-1.497243810445070267e-02
1.001754775643348694e-02
2.175859510898590088e-01
5.962947383522987366e-02
5.892484635114669800e-02
5.121110081672668457e-01
-1.742693781852722168e-02
-3.253516554832458496e-01
-3.862248063087463379e-01
