-1.206183508038520813e-01
-1.411350667476654053e-01
1.013530977070331573e-02
-1.002361327409744263e-01
-2.349994778633117676e-01
3.294160962104797363e-02
-1.146016344428062439e-01
2.953846752643585205e-01
1.555232331156730652e-02
-9.235439822077751160e-03
1.662621051073074341e-01
-8.715848624706268311e-02
3.035200834274291992e-01
6.112980097532272339e-02
6.215216219425201416e-02
2.832598686218261719e-01
1.603808403015136719e-01
-8.602661639451980591e-02
2.001999467611312866e-01
1.735493689775466919e-01
-1.104549020528793335e-01
4.252189993858337402e-01
1.795539557933807373e-01
1.045431569218635559e-01
3.749759793281555176e-01
4.366935789585113525e-02
8.054433390498161316e-03
1.690273284912109375e-01
1.034377217292785645e-01
-1.595245599746704102e-01
2.252942174673080444e-01
8.178178220987319946e-03
-5.962225422263145447e-02
4.670361578464508057e-01
-1.414871066808700562e-01
-2.116738408803939819e-01
-5.934021249413490295e-02
-6.915071606636047363e-02
2.958122193813323975e-01
-2.963080815970897675e-02
2.562852799892425537e-01
3.847189247608184814e-02
2.542728185653686523e-02
-3.113796375691890717e-02
-2.676565051078796387e-01
-1.769643276929855347e-02
-3.209011256694793701e-02
3.132354617118835449e-01
-7.629193365573883057e-02
2.876094579696655273e-01
2.551434934139251709e-01
3.037597835063934326e-01
-1.191174238920211792e-01
-1.161025539040565491e-01
1.767710298299789429e-01
2.023250311613082886e-01
-9.567444026470184326e-02
7.632289081811904907e-02
-5.769818276166915894e-02
1.482124775648117065e-01
-1.571955084800720215e-01
6.470695883035659790e-02
7.158840298652648926e-01
4.572624862194061279e-01
-1.001117229461669922e-01
3.107761442661285400e-01
-3.563583269715309143e-02
-1.138624697923660278e-01
3.656015545129776001e-02
2.799372076988220215e-01
2.059997767210006714e-01
-9.892555326223373413e-02
2.560740113258361816e-01
1.076686661690473557e-02
3.055534660816192627e-01
-2.820149064064025879e-02
1.445248872041702271e-01
-1.115905269980430603e-01
-9.377809613943099976e-02
-2.265873551368713379e-02
-1.422573812305927277e-02
5.340763926506042480e-02
2.067026942968368530e-01
7.855264097452163696e-02
-1.301513463258743286e-01
-3.432488143444061279e-01
-4.775302857160568237e-02
-3.713630884885787964e-02
-1.160135306417942047e-02
1.937840878963470459e-01
-8.389300853013992310e-02
-4.635287076234817505e-02
-2.919589579105377197e-01
1.658406108617782593e-01
-4.200395569205284119e-02
1.685479432344436646e-01
2.251925691962242126e-02
2.221611440181732178e-01
-1.768613904714584351e-01
2.632264494895935059e-01
