-3.134512305259704590e-01
-2.229893207550048828e-02
1.803079694509506226e-01
-3.368386030197143555e-01
-1.398476660251617432e-01
-1.029327325522899628e-02
-4.835212230682373047e-02
1.263992041349411011e-01
-1.441209167242050171e-01
-6.994716078042984009e-02
4.981307685375213623e-02
5.325207114219665527e-01
6.087153404951095581e-02
-1.853754669427871704e-01
-4.917295183986425400e-03
1.001065000891685486e-01
1.057677119970321655e-01
3.512296974658966064e-01
9.533129632472991943e-02
6.426421552896499634e-02
-2.720597572624683380e-02
2.658340632915496826e-01
1.030505299568176270e-01
1.744294166564941406e-02
2.254354357719421387e-01
-1.665115728974342346e-02
-7.270486094057559967e-03
5.558342114090919495e-02
3.411116451025009155e-02
-2.763227000832557678e-02
7.096833735704421997e-02
-6.588068604469299316e-02
-3.092276677489280701e-02
3.131904006004333496e-01
2.016154117882251740e-02
-6.941960752010345459e-02
4.001777172088623047e-01
-2.590108849108219147e-02
3.401701524853706360e-02
-4.261159524321556091e-02
4.555548727512359619e-02
1.361799146980047226e-02
-2.305381894111633301e-01
-2.657747864723205566e-01
-2.927756309509277344e-01
-5.101815611124038696e-02
-6.794968247413635254e-01
1.319842338562011719e-01
-2.067833952605724335e-02
7.302732020616531372e-02
7.884395122528076172e-02
6.432726979255676270e-02
-2.968813292682170868e-02
-3.470538258552551270e-01
-6.085135415196418762e-02
2.310331165790557861e-02
2.697176299989223480e-02
1.595005095005035400e-01
-1.453806739300489426e-02
-5.855458378791809082e-01
-2.030015587806701660e-01
1.837117364630103111e-03
5.749034285545349121e-01
3.054511845111846924e-01
2.720818668603897095e-02
1.231745108962059021e-01
2.180966138839721680e-01
6.516765803098678589e-02
1.249599736183881760e-02
1.115784123539924622e-01
-3.492721880320459604e-04
-4.104208573698997498e-02
5.898853763937950134e-02
-2.748617827892303467e-01
7.456644624471664429e-02
1.617762893438339233e-01
9.988742321729660034e-02
-2.646320872008800507e-02
2.131851203739643097e-02
-2.745732069015502930e-01
-1.963050477206707001e-02
-4.246347397565841675e-02
8.919968456029891968e-02
-2.464251518249511719e-01
1.467745006084442139e-02
-4.237330555915832520e-01
-4.866775590926408768e-03
-5.989162921905517578e-01
1.826688274741172791e-02
8.573013544082641602e-02
-2.015316858887672424e-02
-1.347287278622388840e-02
-4.358332157135009766e-01
8.566928096115589142e-03
-3.499672561883926392e-02
5.465442687273025513e-02
-3.275809064507484436e-02
8.309850096702575684e-02
-7.600131630897521973e-02
1.318227946758270264e-01
