1.001043319702148438e-01
1.015077307820320129e-01
-2.177166752517223358e-02
1.323923766613006592e-01
2.090622782707214355e-01
9.678474813699722290e-02
-1.046872362494468689e-01
1.811850070953369141e-01
1.299373805522918701e-01
1.373596042394638062e-01
-2.665167488157749176e-02
-9.655582159757614136e-02
1.885554520413279533e-03
7.907222211360931396e-02
3.076989948749542236e-01
-3.268554061651229858e-02
2.668846845626831055e-01
4.974582791328430176e-02
-2.418773062527179718e-02
2.354599088430404663e-01
-1.125074224546551704e-03
4.896735772490501404e-03
-1.501917187124490738e-02
-8.068539202213287354e-02
6.275903433561325073e-03
1.032683253288269043e-01
1.564348042011260986e-01
5.169375613331794739e-02
2.381474524736404419e-01
-1.209496930241584778e-01
7.240112125873565674e-02
1.777320206165313721e-01
2.159359455108642578e-01
1.298304996453225613e-03
6.249624118208885193e-02
2.702338993549346924e-01
2.765665948390960693e-01
-9.129071258939802647e-04
1.230977699160575867e-01
1.093198955059051514e-01
1.076827421784400940e-01
-4.656857252120971680e-02
-1.778267621994018555e-01
3.058047294616699219e-01
-1.829895973205566406e-01
5.116754770278930664e-02
1.245581358671188354e-01
3.172192350029945374e-02
-8.219184726476669312e-02
2.012385278940200806e-01
-1.419672966003417969e-01
8.038091659545898438e-02
-1.055275052785873413e-01
2.506807446479797363e-01
2.084131091833114624e-01
7.094822824001312256e-02
1.468585133552551270e-01
1.247196495532989502e-01
-3.069943282753229141e-03
1.647506803274154663e-01
-6.055159494280815125e-02
-1.526806689798831940e-02
4.116488248109817505e-02
-2.272984199225902557e-02
2.133055478334426880e-01
1.113907545804977417e-01
2.769127190113067627e-01
-1.543115377426147461e-01
1.542064249515533447e-01
8.715870976448059082e-02
-1.099886023439466953e-03
7.694959640502929688e-02
1.094489097595214844e-01
3.301620483398437500e-01
-1.046708691865205765e-02
-3.584285452961921692e-02
1.444886773824691772e-01
6.361898034811019897e-02
1.626403331756591797e-01
2.250366210937500000e-01
-2.357133664190769196e-02
4.301326349377632141e-02
-1.592299193143844604e-01
-1.487510055303573608e-01
3.297964856028556824e-02
2.694927155971527100e-01
1.221715807914733887e-01
-5.617689341306686401e-02
-1.398277562111616135e-02
2.434862256050109863e-01
2.820797860622406006e-01
4.260949417948722839e-02
1.282408088445663452e-01
-3.430802607908844948e-04
1.520919352769851685e-01
2.687008082866668701e-01
3.238445892930030823e-02
-1.420459002256393433e-01
-1.406472176313400269e-01
1.814665198326110840e-01
