2.049236744642257690e-01
2.582441782578825951e-03
3.288920819759368896e-01
2.755585014820098877e-01
1.913474351167678833e-01
2.209857255220413208e-01
7.227091118693351746e-03
-1.018768828362226486e-02
1.553412899374961853e-02
-1.095740273594856262e-01
3.528723493218421936e-02
2.973787486553192139e-01
2.794779539108276367e-01
8.632823824882507324e-03
2.520604729652404785e-01
3.938521444797515869e-01
-4.592371731996536255e-02
-1.291010230779647827e-01
3.599860370159149170e-01
-2.642909884452819824e-01
3.259338438510894775e-01
-7.941021025180816650e-02
6.889020092785358429e-03
3.839695453643798828e-01
-2.788707911968231201e-01
-2.602967619895935059e-02
-4.304330423474311829e-02
-1.198193579912185669e-01
2.260735929012298584e-01
2.604376524686813354e-02
-6.573754549026489258e-02
1.495109591633081436e-02
3.837103843688964844e-01
-9.277198463678359985e-02
1.607230119407176971e-02
3.944798707962036133e-01
2.626517117023468018e-01
3.688262104988098145e-01
2.975484430789947510e-01
2.217866107821464539e-02
5.311886593699455261e-02
4.085988923907279968e-02
3.745771050453186035e-01
2.422116696834564209e-01
2.395287603139877319e-01
3.575812578201293945e-01
-2.935985103249549866e-02
-4.623844474554061890e-02
4.613226652145385742e-02
-1.266134977340698242e-01
-6.113320589065551758e-02
-6.105248257517814636e-02
2.447573095560073853e-01
-5.298314616084098816e-02
-4.283035919070243835e-02
-4.742755740880966187e-02
3.923853635787963867e-01
3.802928924560546875e-01
1.392718218266963959e-02
6.479364633560180664e-02
3.048702776432037354e-01
2.355060726404190063e-01
-7.279854267835617065e-02
-1.151901707053184509e-01
3.407136201858520508e-01
-3.262047097086906433e-02
2.337629050016403198e-01
2.392503917217254639e-01
-6.036818400025367737e-02
-1.301874965429306030e-01
-1.294247508049011230e-01
-6.227514892816543579e-02
3.000146895647048950e-02
3.793670535087585449e-01
-4.794010221958160400e-01
-3.347450867295265198e-02
3.010994195938110352e-01
-1.009649410843849182e-01
3.843399509787559509e-02
2.690894305706024170e-01
3.316388428211212158e-01
-1.272396594285964966e-01
-5.898324400186538696e-02
-4.777850955724716187e-02
3.932582437992095947e-01
2.611537575721740723e-01
-8.216874301433563232e-02
3.771119117736816406e-01
-2.964299917221069336e-02
3.758300840854644775e-01
2.148072719573974609e-01
-5.396149307489395142e-02
-6.837333738803863525e-02
2.607969045639038086e-01
3.336580991744995117e-01
-1.956802094355225563e-03
-3.578041493892669678e-01
3.796221911907196045e-01
-3.812464326620101929e-02
3.997052609920501709e-01
