3.875512629747390747e-02
4.413955684867687523e-05
1.018612086772918701e-02
4.947334527969360352e-02
1.270415633916854858e-01
2.486755885183811188e-02
-6.521032005548477173e-02
-3.245286643505096436e-02
-7.183617353439331055e-02
-1.855084300041198730e-02
-4.760318435728549957e-03
6.063508987426757812e-02
3.196651116013526917e-02
-5.954064801335334778e-02
6.319728493690490723e-02
7.781589776277542114e-02
-4.197207279503345490e-03
-4.494977369904518127e-02
1.389946341514587402e-01
-3.351092040538787842e-01
6.838701665401458740e-02
-1.154906349256634712e-03
-1.321385335177183151e-02
7.032760977745056152e-02
-3.407374918460845947e-01
-3.201030567288398743e-02
-3.805761039257049561e-02
-2.840063720941543579e-02
1.438995748758316040e-01
-3.522101417183876038e-02
-1.676395535469055176e-02
-1.247648745775222778e-01
2.642960250377655029e-01
-1.214597467333078384e-02
-4.667194187641143799e-02
1.102673560380935669e-01
1.037365272641181946e-01
7.505609840154647827e-02
1.183279827237129211e-01
2.210278762504458427e-03
-7.337587326765060425e-02
-5.250461772084236145e-02
5.564591288566589355e-02
6.319968402385711670e-02
8.277710527181625366e-02
1.127285882830619812e-01
-1.373020000755786896e-02
6.917243357747793198e-03
-2.216557413339614868e-02
9.065080434083938599e-03
-1.864006966352462769e-01
-3.772412240505218506e-02
1.834830269217491150e-02
-5.194265767931938171e-02
-4.571612924337387085e-02
-4.910773411393165588e-02
1.204899847507476807e-01
1.118832603096961975e-01
-4.793785512447357178e-02
-6.483338773250579834e-02
1.133121997117996216e-01
8.280514180660247803e-02
9.222821146249771118e-02
-2.294510044157505035e-02
7.831852138042449951e-02
-2.193400263786315918e-02
6.524089723825454712e-02
6.901367753744125366e-02
-9.419853240251541138e-02
2.526615746319293976e-02
-2.860208153724670410e-01
-1.069327350705862045e-02
-1.626778393983840942e-02
9.581289440393447876e-02
-6.446591615676879883e-01
-5.120689515024423599e-03
9.273810684680938721e-02
-1.389050763100385666e-02
8.295909501612186432e-03
1.221436560153961182e-01
1.200010702013969421e-01
-2.847489714622497559e-01
-4.498355090618133545e-02
-3.850986808538436890e-02
1.177112832665443420e-01
7.740683853626251221e-02
1.799501851201057434e-02
8.179523795843124390e-02
-1.719579659402370453e-02
5.572472512722015381e-02
9.461557120084762573e-02
6.250785663723945618e-03
-3.188930824398994446e-02
4.885643720626831055e-02
1.382671743631362915e-01
-8.023601770401000977e-02
-4.443666636943817139e-01
1.350653767585754395e-01
-1.521995570510625839e-02
1.124480143189430237e-01
