4.823416098952293396e-02
4.948442056775093079e-02
-6.691215187311172485e-02
9.961973875761032104e-02
2.797097840812057257e-04
1.761403530836105347e-01
-7.083356380462646484e-02
-1.087658852338790894e-02
9.798639267683029175e-02
-6.666980683803558350e-02
-7.660502195358276367e-02
2.007315754890441895e-01
-2.829446457326412201e-02
1.070737242698669434e-01
1.192926838994026184e-01
-1.644597500562667847e-01
-3.459129631519317627e-01
9.043844044208526611e-02
-9.195900708436965942e-02
1.480689495801925659e-01
6.740636378526687622e-02
-1.150664016604423523e-01
-5.560082849115133286e-03
-1.739977598190307617e-01
-2.399173974990844727e-01
1.447291970252990723e-01
-4.889145120978355408e-02
-7.762032747268676758e-02
-1.967400498688220978e-02
6.402754038572311401e-02
8.076778799295425415e-02
2.187704667448997498e-02
1.298217028379440308e-01
-1.055397316813468933e-01
-1.503461133688688278e-02
-3.353658691048622131e-02
2.516376413404941559e-02
4.161527031101286411e-04
3.713268041610717773e-02
1.155412271618843079e-01
-2.957918867468833923e-02
-2.671070583164691925e-02
2.013571858406066895e-01
-6.353940069675445557e-02
1.700114756822586060e-01
1.508254706859588623e-01
2.164422571659088135e-01
2.428536489605903625e-02
-1.482563316822052002e-01
9.885012358427047729e-02
3.011122047901153564e-01
4.450459405779838562e-02
1.249565854668617249e-01
2.604047358036041260e-01
-5.092633888125419617e-02
8.327778428792953491e-02
-4.314626380801200867e-02
1.105625741183757782e-02
-3.028183430433273315e-02
-7.323378324508666992e-02
1.829584594815969467e-03
8.117585629224777222e-02
2.485014498233795166e-01
8.764498680830001831e-02
2.952701039612293243e-02
-3.855740129947662354e-01
9.513419121503829956e-02
1.060647144913673401e-02
5.894613265991210938e-02
-3.851287066936492920e-02
1.734223812818527222e-01
1.591521948575973511e-01
-8.417656272649765015e-02
-5.150946974754333496e-02
4.953341558575630188e-02
-9.059990197420120239e-02
-5.294085014611482620e-03
-5.451826844364404678e-03
-1.764750331640243530e-01
4.486895799636840820e-01
2.241856753826141357e-01
2.119966000318527222e-01
1.581347137689590454e-01
4.903249209746718407e-04
-1.893638074398040771e-02
1.007152944803237915e-01
-2.653522044420242310e-02
-2.669275738298892975e-03
8.107806788757443428e-04
1.033211871981620789e-01
7.030361890792846680e-02
7.425215095281600952e-03
-2.816395163536071777e-01
1.071396470069885254e-01
7.197155058383941650e-02
-1.730075329542160034e-01
1.064307522028684616e-02
-7.894461601972579956e-02
9.476348757743835449e-02
-2.204856723546981812e-01
