8.506987243890762329e-02
2.976344227790832520e-01
1.264532329514622688e-03
2.268846333026885986e-01
4.080043360590934753e-02
2.807255983352661133e-01
3.429812490940093994e-01
-8.552467823028564453e-02
3.579118102788925171e-02
2.511358261108398438e-01
2.687765359878540039e-01
-9.127947688102722168e-02
-1.313418000936508179e-01
-1.226899698376655579e-01
-1.108974888920783997e-01
3.240957856178283691e-01
1.745412312448024750e-02
2.001005858182907104e-01
2.969332598149776459e-02
-9.720148891210556030e-02
2.442459762096405029e-01
2.982669174671173096e-01
3.372699618339538574e-01
6.563639640808105469e-02
-9.982559084892272949e-02
-6.302791088819503784e-02
-7.185010612010955811e-02
-7.583064585924148560e-02
-1.110161766409873962e-01
7.588675618171691895e-01
-6.078770756721496582e-02
2.401472032070159912e-01
-9.760156273841857910e-02
3.251191079616546631e-01
2.955364286899566650e-01
-9.142352640628814697e-02
2.252425253391265869e-01
-1.091193556785583496e-01
3.087593317031860352e-01
-7.105533778667449951e-02
3.285641670227050781e-01
-1.237076073884963989e-01
-2.168373391032218933e-02
-1.347538381814956665e-01
2.220721989870071411e-01
-6.484735757112503052e-02
-3.086604177951812744e-01
9.754362702369689941e-02
-6.131348013877868652e-02
-4.541488736867904663e-02
1.667732000350952148e-01
1.792859435081481934e-01
-2.597717335447669029e-03
2.970436811447143555e-01
3.098580427467823029e-02
-3.231250122189521790e-02
3.201518058776855469e-01
6.615536753088235855e-03
2.044191211462020874e-01
2.737587988376617432e-01
2.783087641000747681e-02
-6.529868394136428833e-02
1.001801788806915283e-01
-3.993941470980644226e-02
3.621202409267425537e-01
3.393086791038513184e-01
-4.784992709755897522e-02
4.863279312849044800e-02
-1.251406222581863403e-01
-9.626282006502151489e-02
-1.599607914686203003e-01
3.162374794483184814e-01
3.028699457645416260e-01
1.364709138870239258e-01
1.832372695207595825e-02
2.888101637363433838e-01
-8.100493997335433960e-02
-4.548283293843269348e-02
9.570208936929702759e-02
-5.279476940631866455e-02
-1.466204971075057983e-01
-8.148325234651565552e-02
2.927463948726654053e-01
2.974284589290618896e-01
3.448029756546020508e-01
3.167418539524078369e-01
-1.169608756899833679e-01
2.760947942733764648e-01
3.295352756977081299e-01
-1.087404265999794006e-01
-1.400420814752578735e-01
-1.382295936346054077e-01
-1.006598398089408875e-01
2.662461102008819580e-01
3.433033227920532227e-01
2.174933440983295441e-02
2.771857082843780518e-01
-1.071969941258430481e-01
3.919868171215057373e-02
-9.902215749025344849e-02
