1.549355834722518921e-01
1.632145643234252930e-01
1.023486182093620300e-01
5.287263169884681702e-02
2.130329161882400513e-01
-9.070184826850891113e-02
2.549734115600585938e-01
2.103847861289978027e-01
2.330969274044036865e-01
-5.172612145543098450e-02
1.105549931526184082e-02
1.394036505371332169e-02
1.024974733591079712e-01
-3.034225292503833771e-02
1.887849718332290649e-01
-1.667965352535247803e-01
1.501318514347076416e-01
1.586474180221557617e-01
-5.237726494669914246e-02
-1.611423492431640625e-02
7.288886606693267822e-02
1.567725539207458496e-01
1.792203634977340698e-01
-3.029145114123821259e-02
2.329042702913284302e-01
1.862464845180511475e-01
2.465432435274124146e-01
1.053487882018089294e-01
1.909314244985580444e-01
1.144562941044569016e-02
5.692438036203384399e-02
-4.468901455402374268e-02
-5.357331037521362305e-02
3.448126604780554771e-03
2.207058221101760864e-01
-1.381898969411849976e-01
1.768266409635543823e-01
1.109032891690731049e-02
-3.058443777263164520e-02
-1.115957349538803101e-01
6.460324674844741821e-02
-2.498734891414642334e-01
-1.183764263987541199e-02
3.746806085109710693e-02
2.154849618673324585e-01
1.132458373904228210e-01
9.613692015409469604e-02
8.490663021802902222e-02
8.216506987810134888e-02
1.405770033597946167e-01
-4.703441262245178223e-02
2.476640790700912476e-01
1.223245169967412949e-02
-1.094514727592468262e-01
-3.319142386317253113e-02
2.638306096196174622e-02
2.198017239570617676e-01
1.845024675130844116e-01
5.463483184576034546e-02
-2.037087082862854004e-02
-6.732443720102310181e-02
2.738337218761444092e-01
8.606605976819992065e-02
-7.187776267528533936e-02
1.152082979679107666e-01
8.373008668422698975e-02
6.905496865510940552e-02
1.683522313833236694e-01
1.301825884729623795e-02
1.674184650182723999e-01
3.373348116874694824e-01
2.587918043136596680e-01
5.578252673149108887e-02
2.783488929271697998e-01
3.135758638381958008e-02
8.558407425880432129e-02
1.781138181686401367e-01
8.688076585531234741e-02
1.578072011470794678e-01
2.468285858631134033e-01
6.620601564645767212e-02
2.476888149976730347e-01
2.073699841275811195e-03
-1.300742477178573608e-01
1.789641678333282471e-01
-4.187287762761116028e-02
1.872714012861251831e-01
-9.636843949556350708e-02
2.401114627718925476e-02
1.977193802595138550e-01
1.566237509250640869e-01
3.208980262279510498e-01
-1.631739176809787750e-02
2.762785553932189941e-01
1.054199561476707458e-01
-9.624615311622619629e-02
2.017411291599273682e-01
3.118014521896839142e-02
1.033620089292526245e-01
2.785891294479370117e-01
