3.134346604347229004e-01
2.306857556104660034e-01
1.011610701680183411e-01
8.959106355905532837e-02
6.589060276746749878e-02
1.648466438055038452e-01
3.342388197779655457e-02
3.066260814666748047e-01
-4.391699284315109253e-02
1.871140450239181519e-01
-2.018404379487037659e-02
1.038204953074455261e-01
-8.756812661886215210e-02
1.480435580015182495e-01
2.204993367195129395e-01
3.913614153861999512e-02
4.601859836839139462e-04
1.616289317607879639e-01
1.041615828871726990e-01
-3.696887940168380737e-02
-4.777392372488975525e-02
2.472708672285079956e-01
2.766550183296203613e-01
1.574600785970687866e-01
-1.224540770053863525e-01
-1.147058978676795959e-02
-1.121268719434738159e-01
2.439662665128707886e-01
2.346699237823486328e-01
2.736202999949455261e-02
1.687510907649993896e-01
2.248228341341018677e-01
1.779715344309806824e-02
5.175331607460975647e-02
-2.548748813569545746e-02
-5.832914263010025024e-02
-7.708685100078582764e-02
-1.412578076124191284e-01
-1.023085191845893860e-01
3.176946192979812622e-02
5.281047523021697998e-02
-1.374756842851638794e-01
3.590517118573188782e-02
5.521099548786878586e-03
9.490709751844406128e-02
1.014813110232353210e-01
-6.599777936935424805e-02
8.495926856994628906e-02
2.929502911865711212e-02
6.316934525966644287e-02
1.611874997615814209e-01
5.698411539196968079e-02
-5.470213480293750763e-03
-1.227696314454078674e-01
1.316110193729400635e-01
1.268454194068908691e-01
-1.256001591682434082e-01
5.330380797386169434e-02
1.715019345283508301e-01
1.046107430011034012e-02
-1.626220718026161194e-02
-1.134232133626937866e-01
-3.423125890549272299e-04
1.167143508791923523e-01
2.434861809015274048e-01
-7.911986112594604492e-02
7.823146134614944458e-02
-2.127249687910079956e-01
3.493259549140930176e-01
5.639877170324325562e-02
-7.446424663066864014e-02
-7.780253142118453979e-02
1.579605191946029663e-01
2.199129201471805573e-02
2.228496670722961426e-01
-1.336283981800079346e-01
1.819674521684646606e-01
6.208876520395278931e-02
-2.298030070960521698e-02
1.083794608712196350e-01
-9.897492825984954834e-02
3.403999805450439453e-01
1.636174470186233521e-01
1.380429416894912720e-01
3.686688840389251709e-02
-3.059861809015274048e-02
1.979822106659412384e-02
2.959326282143592834e-02
2.947649359703063965e-01
9.682995080947875977e-02
1.309334784746170044e-01
2.038976997137069702e-01
-8.086360245943069458e-02
-1.921282261610031128e-01
1.573026478290557861e-01
1.717873066663742065e-01
2.656632848083972931e-02
1.712459512054920197e-02
-1.257799267768859863e-01
1.097029075026512146e-01
