2.036361023783683777e-02
8.222901821136474609e-02
9.014855325222015381e-02
-6.098126061260700226e-03
4.552280530333518982e-03
2.383555285632610321e-02
2.478434005752205849e-03
-1.084597185254096985e-01
8.991306275129318237e-02
-4.402719438076019287e-02
-3.023076057434082031e-02
8.950728923082351685e-02
-1.710464595817029476e-03
-6.687819026410579681e-03
-1.876822561025619507e-01
5.094506219029426575e-02
1.095782034099102020e-02
-1.073940247297286987e-01
1.070542857050895691e-01
2.701789140701293945e-01
6.462655961513519287e-02
1.227232143282890320e-01
1.194994077086448669e-01
-4.596676528453826904e-01
1.530912667512893677e-01
-1.656519174575805664e-01
1.514036506414413452e-01
-3.881102427840232849e-02
-5.823511164635419846e-03
-2.303048074245452881e-01
-3.659785687923431396e-01
4.308496788144111633e-02
3.656885400414466858e-02
1.715351268649101257e-02
-1.846520230174064636e-02
-5.813534930348396301e-02
1.364746987819671631e-01
7.259923219680786133e-02
7.181090116500854492e-02
-4.088439047336578369e-01
2.948017790913581848e-02
5.324800312519073486e-02
1.349528431892395020e-01
-1.788794994354248047e-01
5.124712362885475159e-02
9.772220999002456665e-02
1.362396776676177979e-01
-2.009097635746002197e-01
4.054456204175949097e-02
-7.041489332914352417e-02
8.161583542823791504e-02
-6.843112707138061523e-01
-7.331395894289016724e-02
1.174683198332786560e-01
-6.373042464256286621e-01
-1.951342076063156128e-01
-8.062303811311721802e-02
1.348471492528915405e-01
-2.739515528082847595e-02
1.020058691501617432e-01
3.054101206362247467e-02
4.847046732902526855e-02
-3.645465373992919922e-01
2.263644337654113770e-01
4.717811048030853271e-01
1.312039699405431747e-02
3.664551302790641785e-02
-3.727420419454574585e-02
1.248120609670877457e-02
8.929065428674221039e-03
3.099422901868820190e-03
-2.285372763872146606e-01
2.991042472422122955e-02
1.254488080739974976e-01
-1.624255254864692688e-02
-5.782487988471984863e-02
7.058127224445343018e-02
2.987409569323062897e-02
-2.221868932247161865e-01
1.387510150671005249e-01
-4.412797987461090088e-01
-1.558641344308853149e-01
8.468858152627944946e-02
-2.157651260495185852e-02
-3.817430511116981506e-02
6.718781590461730957e-02
-2.248692885041236877e-02
-1.033595018088817596e-02
4.932944849133491516e-02
-4.759579896926879883e-02
4.559038579463958740e-02
1.233525201678276062e-02
-1.738992333412170410e-02
-5.849696462973952293e-04
9.474022686481475830e-02
2.634165994822978973e-02
6.887923181056976318e-02
6.929734349250793457e-02
1.068104952573776245e-01
-5.277488827705383301e-01
