8.711586892604827881e-02
1.523102866485714912e-03
3.051723539829254150e-01
-7.037068158388137817e-02
3.971581533551216125e-02
4.361291602253913879e-02
3.509449064731597900e-01
-3.193645179271697998e-01
-1.275050938129425049e-01
2.444677650928497314e-01
2.848762869834899902e-01
3.682338595390319824e-01
-3.859123215079307556e-02
-1.371952444314956665e-01
2.135005779564380646e-02
-2.650791034102439880e-02
-2.276886254549026489e-01
1.123100370168685913e-01
-1.154609099030494690e-01
1.442868961021304131e-03
-5.754987150430679321e-02
2.409640252590179443e-01
3.291794955730438232e-01
2.826049327850341797e-01
6.803412921726703644e-03
4.920974373817443848e-02
9.928315132856369019e-02
1.003713831305503845e-01
1.166341304779052734e-01
-2.231157422065734863e-01
1.504852473735809326e-01
3.013689517974853516e-01
1.771962642669677734e-01
-7.246356010437011719e-01
-1.359675377607345581e-01
2.578145265579223633e-01
-5.814887583255767822e-02
1.046841144561767578e-01
3.548022806644439697e-01
-1.820979118347167969e-01
1.025989279150962830e-01
-2.107905782759189606e-02
-1.421699523925781250e-01
-1.670688204467296600e-02
-9.161425381898880005e-02
9.114069491624832153e-02
1.929596811532974243e-01
-1.559048742055892944e-01
1.245033368468284607e-01
-6.013641878962516785e-02
3.368512541055679321e-02
-7.300322502851486206e-02
3.392604365944862366e-02
-4.837595298886299133e-02
9.671288728713989258e-02
-1.124036535620689392e-01
-1.296302825212478638e-01
1.919027119874954224e-01
2.352004796266555786e-01
2.110899537801742554e-01
6.417016685009002686e-02
2.306252531707286835e-02
2.384219467639923096e-01
-2.294992059469223022e-01
1.741741783916950226e-02
-1.847941055893898010e-02
1.070010289549827576e-01
5.642321705818176270e-02
4.472280666232109070e-02
-2.025007829070091248e-02
-9.345948696136474609e-02
-8.855932205915451050e-02
1.622691899538040161e-01
-1.990075260400772095e-01
2.199309170246124268e-01
-2.526321709156036377e-01
2.953199744224548340e-01
-5.885445047169923782e-03
8.742873370647430420e-02
1.465910673141479492e-02
-2.541237175464630127e-01
-1.030107811093330383e-01
3.953944426029920578e-03
-1.138565316796302795e-01
2.263569831848144531e-01
-6.756268441677093506e-02
7.887274026870727539e-02
-8.832213282585144043e-02
-2.038258314132690430e-01
7.125975191593170166e-02
6.218474730849266052e-02
-3.935390710830688477e-01
4.053417742252349854e-01
2.607850432395935059e-01
1.310394704341888428e-01
2.618721425533294678e-01
1.988642215728759766e-01
2.591359913349151611e-01
-3.044036775827407837e-02
1.362133473157882690e-01
