1.058295443654060364e-01
-1.222204864025115967e-01
8.289913833141326904e-02
-1.974542997777462006e-02
1.856806501746177673e-02
-1.938243955373764038e-01
-7.119953632354736328e-02
6.087015941739082336e-02
-1.274503767490386963e-01
8.249893784523010254e-02
-5.757370591163635254e-02
7.086635380983352661e-02
9.661307930946350098e-02
-7.508087158203125000e-02
9.540189802646636963e-02
-7.283995300531387329e-02
1.764141470193862915e-01
5.293782800436019897e-02
3.766214549541473389e-01
-6.062181293964385986e-02
1.721119433641433716e-01
4.582388326525688171e-02
-4.102939367294311523e-02
8.531296998262405396e-02
1.405533701181411743e-01
1.097007840871810913e-01
1.166309416294097900e-01
-1.496605128049850464e-01
-6.515478342771530151e-02
3.315998911857604980e-01
-1.932824552059173584e-01
-9.446921944618225098e-02
4.672493040561676025e-02
-8.996628224849700928e-02
9.144534170627593994e-02
6.405286490917205811e-03
8.762656152248382568e-02
-1.582880169153213501e-01
1.423168182373046875e-01
-8.339270204305648804e-02
-2.030600607395172119e-01
4.298849776387214661e-02
1.848607659339904785e-01
3.123713098466396332e-02
2.272124737501144409e-01
-1.373641751706600189e-02
1.840232461690902710e-01
3.388859704136848450e-02
4.920648038387298584e-02
1.561142802238464355e-01
6.446786969900131226e-02
-8.717940188944339752e-03
1.109599694609642029e-02
2.007350884377956390e-02
1.852921098470687866e-01
5.787980183959007263e-02
-1.020445525646209717e-01
-3.373969718813896179e-02
1.029205843806266785e-01
1.654355078935623169e-01
-2.009548805654048920e-02
2.475116401910781860e-02
1.166613772511482239e-01
-5.135963857173919678e-02
-1.697760075330734253e-01
-2.437743730843067169e-02
3.859015554189682007e-02
-2.930376119911670685e-02
3.935744520276784897e-03
4.727372154593467712e-02
1.268790215253829956e-01
-1.265978254377841949e-02
1.032717302441596985e-01
2.208946049213409424e-01
-8.705365657806396484e-02
-1.212459951639175415e-01
-2.035500109195709229e-01
-1.265809591859579086e-02
1.332163661718368530e-01
5.590447410941123962e-02
-1.552497297525405884e-01
1.331399828195571899e-01
5.619498342275619507e-02
2.364547364413738251e-02
-7.974711805582046509e-02
3.720974549651145935e-02
7.988057099282741547e-03
8.232104033231735229e-02
9.233863651752471924e-02
-5.200153961777687073e-02
2.471166253089904785e-01
8.567445725202560425e-02
2.698455750942230225e-01
-8.087475784122943878e-03
1.256697922945022583e-01
-8.720575273036956787e-02
-8.536607027053833008e-02
9.074009954929351807e-02
-6.961584836244583130e-02
2.136632502079010010e-01
