5.137594416737556458e-04
1.853855885565280914e-02
-1.731667220592498779e-01
-2.100343815982341766e-02
-1.051970124244689941e-01
-1.174276471138000488e-01
1.481523066759109497e-01
-4.750768467783927917e-02
-1.595388799905776978e-01
8.163740038871765137e-01
-7.197698205709457397e-02
-6.516450643539428711e-02
1.481720432639122009e-02
2.871420383453369141e-01
-8.965100161731243134e-03
7.526493817567825317e-02
7.587864249944686890e-02
2.501267939805984497e-02
2.591817378997802734e-01
2.077186666429042816e-02
-6.108161062002182007e-02
2.558398246765136719e-01
-1.909220665693283081e-01
-1.362967491149902344e-01
-8.973393589258193970e-02
5.268472805619239807e-02
-1.040285304188728333e-01
-3.716845298185944557e-03
-2.185688465833663940e-01
-1.255423575639724731e-01
-1.242568045854568481e-01
1.086192950606346130e-02
2.320497930049896240e-01
2.311244159936904907e-01
3.061764240264892578e-01
-5.323553681373596191e-01
3.952383249998092651e-02
2.397781237959861755e-02
1.740702614188194275e-02
2.063962817192077637e-01
-1.566677168011665344e-02
6.724786758422851562e-02
-9.201445430517196655e-02
1.638586223125457764e-01
-7.845091074705123901e-02
-6.612911075353622437e-02
-1.925914883613586426e-01
2.151685766875743866e-02
2.291846573352813721e-01
-4.546416550874710083e-02
-6.042449548840522766e-02
-9.566035866737365723e-02
5.172875244170427322e-03
-3.385544521734118462e-03
2.046793699264526367e-01
4.825706779956817627e-02
-3.486548364162445068e-02
1.501902937889099121e-01
-1.095950677990913391e-01
-9.108322858810424805e-02
1.116716489195823669e-01
-2.681429497897624969e-02
2.718434631824493408e-01
-5.576468110084533691e-01
-1.273959279060363770e-01
1.800177991390228271e-01
-9.392378479242324829e-02
-1.301539540290832520e-01
-1.640393733978271484e-01
2.651247084140777588e-01
-1.151086315512657166e-01
7.673671841621398926e-02
1.557275503873825073e-01
2.593232989311218262e-01
-8.226007223129272461e-02
-5.630457028746604919e-02
2.448518723249435425e-01
2.231680303812026978e-01
-6.976357847452163696e-02
-4.472978040575981140e-02
1.930177509784698486e-01
-8.338372409343719482e-02
-2.275297231972217560e-02
2.335923165082931519e-01
3.062963783740997314e-01
2.740773260593414307e-01
7.004684209823608398e-01
2.154902741312980652e-02
-4.999017715454101562e-01
-2.029541134834289551e-02
-5.648741498589515686e-02
8.329211175441741943e-02
-2.479828894138336182e-02
1.951792091131210327e-01
1.934640407562255859e-01
2.616419792175292969e-01
2.914136350154876709e-01
-1.829566806554794312e-01
2.942372560501098633e-01
8.462449535727500916e-03
