-7.548142224550247192e-02
-5.507441237568855286e-02
-2.220121622085571289e-01
2.364239841699600220e-01
1.214700192213058472e-02
2.736461758613586426e-01
7.903974503278732300e-02
9.973437339067459106e-02
-2.363043427467346191e-01
5.842946171760559082e-01
1.553884800523519516e-02
-2.711336016654968262e-01
9.385256767272949219e-01
1.212911605834960938e-01
-1.529896864667534828e-03
4.867789149284362793e-01
-2.568730711936950684e-01
-2.708460961002856493e-04
3.167017176747322083e-02
-2.393875420093536377e-01
-1.925408840179443359e-02
6.068923324346542358e-02
-3.305049240589141846e-01
-2.137405425310134888e-01
-2.524337172508239746e-01
-3.038618564605712891e-01
-9.313629008829593658e-03
-9.938374161720275879e-02
-2.175501734018325806e-01
2.502613365650177002e-01
-3.243114054203033447e-02
-2.777933180332183838e-01
1.065918877720832825e-01
7.496254146099090576e-02
8.698455989360809326e-02
-5.230633616447448730e-01
3.627008944749832153e-02
2.562007308006286621e-01
-2.230621874332427979e-01
4.913957044482231140e-02
-1.964830607175827026e-01
-4.804386198520660400e-01
-5.690760910511016846e-03
7.015445828437805176e-02
-5.224425718188285828e-02
3.387399315834045410e-01
-2.388056218624114990e-01
8.617074787616729736e-02
4.129348322749137878e-02
4.430038034915924072e-01
4.599542319774627686e-01
-1.884300708770751953e-01
1.955359280109405518e-01
-2.276353389024734497e-01
6.252187490463256836e-02
-2.048790305852890015e-01
-2.576021254062652588e-01
3.796244412660598755e-02
-2.934665419161319733e-03
-2.665643990039825439e-01
5.201933160424232483e-02
-1.848756968975067139e-01
7.123240083456039429e-02
-6.312788128852844238e-01
-2.244995720684528351e-02
1.241082772612571716e-01
-2.764340639114379883e-01
4.480386674404144287e-01
-1.930197626352310181e-01
9.327074885368347168e-02
2.600921988487243652e-01
1.549097360111773014e-03
5.583420023322105408e-02
6.462319940328598022e-02
-2.807364463806152344e-01
1.896984428167343140e-01
3.283404558897018433e-02
5.486444756388664246e-02
-2.603767439723014832e-02
-2.596759498119354248e-01
9.357669204473495483e-02
1.247479580342769623e-02
1.508260965347290039e-01
3.646671772003173828e-02
1.024448797106742859e-01
4.473771899938583374e-02
4.075102806091308594e-01
3.370614945888519287e-01
-3.049436509609222412e-01
-3.788233101367950439e-01
-2.925480604171752930e-01
2.595648169517517090e-02
-2.569451034069061279e-01
4.980058223009109497e-02
5.378473550081253052e-02
1.120634600520133972e-01
8.245564252138137817e-02
-2.897271513938903809e-01
1.007005497813224792e-01
-2.079822421073913574e-01
