9.774480015039443970e-02
7.921551913022994995e-02
-2.887376546859741211e-01
-4.424889385700225830e-02
-9.878002852201461792e-02
-1.291448026895523071e-01
8.492799103260040283e-02
5.187371373176574707e-02
-1.154984310269355774e-01
-3.135234490036964417e-02
6.313684582710266113e-02
-4.152506217360496521e-02
-1.110098287463188171e-01
1.405151039361953735e-01
1.569588929414749146e-01
2.674881815910339355e-01
7.265464216470718384e-02
7.274108380079269409e-02
-5.337558686733245850e-02
1.748232054524123669e-03
1.575880870223045349e-02
2.278139442205429077e-01
1.199415847659111023e-01
1.708819419145584106e-01
2.154512256383895874e-01
-4.945949837565422058e-02
-1.720491796731948853e-01
1.065159589052200317e-01
8.939869701862335205e-02
1.394224762916564941e-01
2.685502767562866211e-01
-2.141035720705986023e-02
1.666937023401260376e-01
-8.424367755651473999e-02
7.291930168867111206e-02
2.070085108280181885e-01
-2.402842231094837189e-02
1.918983608484268188e-01
4.860691726207733154e-02
1.623060554265975952e-01
3.097865171730518341e-02
2.237024158239364624e-01
-2.586010396480560303e-01
-1.257070302963256836e-01
1.234282087534666061e-02
2.937926948070526123e-01
-1.219188421964645386e-01
7.517095655202865601e-02
6.374183297157287598e-02
1.451018750667572021e-01
-1.620849221944808960e-01
-1.510901749134063721e-01
-3.928151354193687439e-02
5.409459024667739868e-02
4.064036160707473755e-02
-9.568198025226593018e-02
-5.417462065815925598e-02
3.644003272056579590e-01
8.820837736129760742e-02
8.709285408258438110e-02
9.107387065887451172e-02
-2.163769491016864777e-02
-3.573133423924446106e-02
-1.708863824605941772e-01
1.750421375036239624e-01
5.108697712421417236e-02
8.741778135299682617e-02
-1.141535677015781403e-02
2.371153086423873901e-01
-5.758590623736381531e-02
1.011727675795555115e-01
6.607368588447570801e-02
4.601737856864929199e-02
1.414088159799575806e-01
-1.240766569972038269e-01
-1.971280016005039215e-02
2.371792308986186981e-02
-4.379375651478767395e-02
-5.255362764000892639e-02
-1.899875700473785400e-01
-1.346375420689582825e-02
-1.332075595855712891e-01
1.013952046632766724e-01
7.249920815229415894e-02
2.850932627916336060e-02
1.724318414926528931e-01
-1.265617646276950836e-02
1.335164010524749756e-01
-1.625038497149944305e-02
3.875005058944225311e-03
1.000737920403480530e-01
3.623122349381446838e-03
1.432972848415374756e-01
3.639641702175140381e-01
6.886766105890274048e-02
2.556665539741516113e-01
2.355604916810989380e-01
2.725693583488464355e-01
-1.906414031982421875e-01
2.505070269107818604e-01
