3.530408740043640137e-01
-2.299750223755836487e-02
-2.199125476181507111e-02
4.007559735327959061e-03
2.239064276218414307e-01
3.266372680664062500e-01
2.655710875988006592e-01
3.498911559581756592e-01
2.257593274116516113e-01
3.135122358798980713e-01
2.942637726664543152e-02
-8.431312441825866699e-02
1.787640601396560669e-01
-1.322662085294723511e-01
-7.358356565237045288e-02
3.520375117659568787e-02
-1.500946134328842163e-01
3.597258925437927246e-01
8.380708098411560059e-02
-6.723170634359121323e-03
-3.508574143052101135e-02
-6.299307942390441895e-01
1.069170460104942322e-01
1.962535232305526733e-01
-1.252007782459259033e-01
1.392123941332101822e-02
1.809350401163101196e-01
-1.367594003677368164e-01
2.873495817184448242e-01
1.513033956289291382e-01
2.766801714897155762e-01
2.694903910160064697e-01
2.235551774501800537e-01
7.779759913682937622e-02
-4.730265215039253235e-02
3.468964099884033203e-01
2.040753960609436035e-01
-1.314950734376907349e-01
4.657292738556861877e-02
-1.326563507318496704e-01
7.908800244331359863e-02
-1.161536052823066711e-01
-6.882893503643572330e-04
-6.234475970268249512e-02
-7.200692594051361084e-02
-2.701760828495025635e-02
2.240371406078338623e-01
3.307905495166778564e-01
1.570609956979751587e-01
7.710115611553192139e-02
2.285470254719257355e-02
-1.236033812165260315e-01
-1.467805951833724976e-01
2.730657756328582764e-01
1.182450801134109497e-01
-1.199285537004470825e-01
-8.441548794507980347e-02
2.081587910652160645e-01
2.300879359245300293e-01
-1.506790369749069214e-01
3.569094464182853699e-03
-1.322371512651443481e-01
3.693439960479736328e-01
1.148500144481658936e-01
3.007781505584716797e-02
-2.694845572113990784e-02
9.654255956411361694e-02
-6.779198348522186279e-02
-1.922844797372817993e-01
-1.341735869646072388e-01
-4.914018213748931885e-01
2.718555927276611328e-02
2.380237132310867310e-01
-5.888472124934196472e-02
-6.916423141956329346e-02
2.930448949337005615e-01
3.613983392715454102e-01
-1.899318303912878036e-04
-9.466889500617980957e-02
2.175379842519760132e-01
-7.720844447612762451e-02
-7.771024107933044434e-02
-1.297246366739273071e-01
-2.833297252655029297e-01
-1.253084689378738403e-01
2.345292270183563232e-01
-1.211141571402549744e-01
-6.956439465284347534e-02
-2.527136122807860374e-03
2.983139157295227051e-01
2.666449248790740967e-01
3.068242967128753662e-01
-1.234084600582718849e-03
3.135519623756408691e-01
2.419929765164852142e-02
2.292247265577316284e-01
5.878249183297157288e-02
3.097566366195678711e-01
7.375796437263488770e-01
2.144589126110076904e-01
