1.226784139871597290e-01
-1.526482054032385349e-03
-2.203784696757793427e-02
-1.775976456701755524e-02
6.643771380186080933e-02
9.494466334581375122e-02
6.683323532342910767e-02
7.816459983587265015e-02
3.523687832057476044e-03
1.188195869326591492e-01
-1.157401576638221741e-01
-2.695413306355476379e-02
-7.263559103012084961e-02
-1.605740487575531006e-01
1.447589229792356491e-02
-2.830578247085213661e-03
3.087127804756164551e-01
8.533364534378051758e-02
-8.875649422407150269e-03
-1.167180016636848450e-02
-4.474211931228637695e-01
-7.584047317504882812e-01
-5.862524849362671375e-04
1.723346114158630371e-01
2.956521697342395782e-02
-5.122429225593805313e-03
6.442107260227203369e-02
-2.193854376673698425e-02
4.010782390832901001e-02
7.552524656057357788e-02
8.953150361776351929e-02
1.533472351729869843e-02
1.592202857136726379e-02
-1.179505214095115662e-01
-1.020881719887256622e-02
8.759405463933944702e-02
4.737447574734687805e-02
-2.947434186935424805e-01
-2.051410637795925140e-02
8.210555911064147949e-01
-2.320489436388015747e-01
-2.851728498935699463e-01
-3.010095655918121338e-01
7.298556622117757797e-03
2.457814291119575500e-02
2.103797048330307007e-01
4.355635493993759155e-02
6.725004315376281738e-02
2.579082548618316650e-01
6.684935186058282852e-03
-2.747739553451538086e-01
-5.547348782420158386e-02
-2.323113679885864258e-01
2.965126372873783112e-02
6.384788453578948975e-02
3.252527862787246704e-02
-2.464139908552169800e-01
3.366528823971748352e-02
4.432171583175659180e-02
4.580557942390441895e-01
-4.147993773221969604e-02
3.767850343137979507e-03
1.098813638091087341e-01
1.106732636690139771e-01
-2.945272326469421387e-01
-1.032172609120607376e-02
-2.463767230510711670e-01
2.207232452929019928e-02
-2.938826680183410645e-01
-8.101556450128555298e-04
-7.655982971191406250e-01
-4.457668866962194443e-03
7.434578239917755127e-02
-1.231430936604738235e-02
-4.212286472320556641e-01
1.097391396760940552e-01
8.193112164735794067e-02
-3.475596904754638672e-01
-4.652859866619110107e-01
8.077847212553024292e-02
-1.095374673604965210e-02
9.340491145849227905e-03
-2.207089029252529144e-02
-2.815769910812377930e-01
7.329495549201965332e-01
4.032621532678604126e-02
-2.720818519592285156e-01
-7.119787391275167465e-03
-4.350990951061248779e-01
3.567354753613471985e-02
9.885524958372116089e-02
9.349559992551803589e-02
-1.805160194635391235e-02
6.763069331645965576e-02
-2.574495077133178711e-01
7.908286899328231812e-02
-4.543399065732955933e-02
6.477403640747070312e-02
4.831430017948150635e-01
9.166970849037170410e-03
