-7.521702349185943604e-02
2.550610341131687164e-03
2.179337739944458008e-01
-1.192246004939079285e-01
-9.190074354410171509e-02
-3.407298028469085693e-02
-7.500939816236495972e-02
1.774681061506271362e-01
3.787694498896598816e-02
-1.866426691412925720e-02
-1.133654937148094177e-01
-1.032613068819046021e-01
-4.476507902145385742e-01
1.514556258916854858e-02
-4.297632277011871338e-01
-7.833994459360837936e-05
-2.602849341928958893e-02
3.192297518253326416e-01
-1.054344847798347473e-01
-4.217744171619415283e-01
-2.468939721584320068e-01
-8.623187988996505737e-02
-7.928642444312572479e-03
-5.824563503265380859e-01
-7.093871384859085083e-02
-5.145595967769622803e-02
-5.184282362461090088e-02
2.658643573522567749e-02
2.473809756338596344e-02
1.059843525290489197e-01
-1.133624836802482605e-01
2.557522356510162354e-01
1.168707311153411865e-01
5.867653340101242065e-02
-1.266611814498901367e-01
1.224006339907646179e-01
-6.467308849096298218e-03
-4.306120797991752625e-02
3.077764995396137238e-02
-5.371149778366088867e-01
-2.401526421308517456e-01
9.269686043262481689e-02
7.060589641332626343e-02
-1.464580092579126358e-02
-6.371854990720748901e-02
2.617458999156951904e-01
-5.085822567343711853e-02
-3.777918815612792969e-01
-1.078534573316574097e-01
-5.047615617513656616e-02
4.626197274774312973e-03
2.727556526660919189e-01
-2.453175559639930725e-02
-1.875260099768638611e-02
3.113268017768859863e-01
-4.517653211951255798e-02
-1.650916486978530884e-01
-7.885581254959106445e-02
-8.642178028821945190e-02
4.829348027706146240e-01
2.027994841337203979e-01
6.420083343982696533e-02
-1.815757453441619873e-01
4.662482067942619324e-02
1.524808257818222046e-01
-7.466174662113189697e-02
-1.870034933090209961e-01
-1.487960964441299438e-01
-1.487540575908496976e-04
-1.817207485437393188e-01
1.755599379539489746e-01
2.331859469413757324e-01
-2.936314046382904053e-01
3.173551857471466064e-01
-2.992945611476898193e-01
2.961345314979553223e-01
-7.629553973674774170e-02
9.580199420452117920e-02
-7.963606156408786774e-03
4.776328802108764648e-02
2.158277481794357300e-01
9.380821883678436279e-02
-5.086845159530639648e-01
1.072460040450096130e-01
1.812668293714523315e-01
-3.970617428421974182e-02
-1.745033711194992065e-01
1.614041775465011597e-01
8.764082938432693481e-02
-2.200856804847717285e-01
-9.051504731178283691e-02
7.888763397932052612e-02
-1.436553429812192917e-02
9.219820052385330200e-02
1.002998501062393188e-01
1.131429001688957214e-01
3.425168693065643311e-01
-1.457363367080688477e-01
2.987110614776611328e-01
-1.596382111310958862e-01
