5.011160299181938171e-02
3.889632970094680786e-02
9.621426463127136230e-02
2.131097167730331421e-01
1.545514762401580811e-01
-2.382113039493560791e-02
3.774280846118927002e-01
-5.963650718331336975e-02
4.405516013503074646e-02
-2.809830941259860992e-03
1.717683076858520508e-01
4.193414449691772461e-01
6.976222991943359375e-02
1.704107522964477539e-01
8.964202553033828735e-02
4.751505702733993530e-02
2.935875356197357178e-01
-4.930287599563598633e-02
4.857237040996551514e-01
3.438689187169075012e-02
1.267424821853637695e-01
-3.327447921037673950e-02
6.271743774414062500e-02
5.833484232425689697e-02
1.261616647243499756e-01
-1.172814667224884033e-01
-9.351930022239685059e-02
-1.697458699345588684e-02
1.266609132289886475e-01
9.539372287690639496e-03
5.910507217049598694e-02
1.250759363174438477e-01
-3.901778161525726318e-02
1.751886121928691864e-02
2.506470382213592529e-01
2.616464532911777496e-02
1.487814784049987793e-01
1.225207652896642685e-02
1.258372068405151367e-01
-4.526820406317710876e-02
-1.781580597162246704e-01
5.343846231698989868e-02
8.860925585031509399e-02
1.762592941522598267e-01
5.165319889783859253e-02
3.466760739684104919e-02
9.374348819255828857e-02
5.677245259284973145e-01
8.586354553699493408e-02
6.431820988655090332e-02
1.781205832958221436e-01
9.311276674270629883e-02
7.778150588274002075e-02
9.226681664586067200e-03
1.066961139440536499e-01
-1.102069243788719177e-01
-1.736047305166721344e-02
7.981396466493606567e-02
1.569900810718536377e-01
1.476868093013763428e-01
-1.055939048528671265e-01
2.167481184005737305e-02
2.515507042407989502e-01
-1.489270329475402832e-01
1.392819434404373169e-01
-1.225245650857686996e-04
9.148322790861129761e-02
2.197986841201782227e-01
6.645805388689041138e-02
1.106461063027381897e-01
2.418841421604156494e-01
6.200794130563735962e-02
1.550225764513015747e-01
1.040776446461677551e-01
-1.134606376290321350e-01
6.334310024976730347e-02
2.617797814309597015e-02
2.179021686315536499e-01
1.226211190223693848e-01
2.437603473663330078e-02
6.385632604360580444e-02
2.382149249315261841e-01
-3.204766213893890381e-01
1.123680844902992249e-01
8.200751990079879761e-02
1.183440312743186951e-01
1.014101877808570862e-02
2.787895128130912781e-02
-7.491499185562133789e-02
-2.402462065219879150e-01
-1.381588727235794067e-02
4.042626172304153442e-02
-3.001980017870664597e-03
1.759696155786514282e-01
2.900981903076171875e-01
1.720891706645488739e-02
7.430595904588699341e-02
8.840591460466384888e-02
1.721851229667663574e-01
-7.492829859256744385e-02
