-7.193016819655895233e-03
2.165226340293884277e-01
2.109022438526153564e-02
-1.176995560526847839e-01
1.731866002082824707e-01
5.608019232749938965e-02
5.217934027314186096e-02
-1.074539199471473694e-01
1.573914103209972382e-02
-1.252120826393365860e-03
1.063591055572032928e-02
4.191745817661285400e-02
7.148166894912719727e-01
2.954218983650207520e-01
2.453731149435043335e-01
2.055722624063491821e-01
-9.725543111562728882e-02
4.348512366414070129e-02
-8.455839008092880249e-02
1.854362785816192627e-01
7.932380437850952148e-01
2.050234824419021606e-01
-1.071704030036926270e-01
-1.561779379844665527e-01
-8.409944176673889160e-02
-2.138952910900115967e-02
-3.522446751594543457e-02
-3.975750133395195007e-02
2.229712456464767456e-01
-8.660867810249328613e-02
-2.547856271266937256e-01
2.245832979679107666e-01
-6.966572254896163940e-02
2.811108529567718506e-02
9.943570941686630249e-02
1.994986785575747490e-03
2.721408307552337646e-01
2.486557513475418091e-01
2.498574405908584595e-01
-9.606455266475677490e-02
2.650569975376129150e-01
-2.947873622179031372e-02
1.995405107736587524e-01
-5.903455615043640137e-02
1.956307888031005859e-01
3.110887110233306885e-01
2.500951588153839111e-01
3.068418428301811218e-02
1.714025884866714478e-01
2.929905951023101807e-01
-7.401619851589202881e-02
7.505039125680923462e-02
6.047074869275093079e-02
3.118423819541931152e-01
-3.724550455808639526e-02
6.865248829126358032e-02
2.806720733642578125e-01
4.870993271470069885e-02
-1.371487081050872803e-01
2.686388492584228516e-01
-8.533382415771484375e-02
-1.450948268175125122e-01
2.623841166496276855e-02
1.559266895055770874e-01
-2.175930142402648926e-01
1.445455402135848999e-01
-1.550102140754461288e-03
-1.236694827675819397e-01
9.594231843948364258e-03
-1.122822985053062439e-01
2.489832788705825806e-01
4.999608546495437622e-02
2.183912098407745361e-01
-1.865449696779251099e-01
2.336095273494720459e-01
-9.726179391145706177e-02
-1.199161633849143982e-01
2.347273193299770355e-02
-1.117568686604499817e-01
-3.658111765980720520e-02
1.730256676673889160e-01
-8.667970448732376099e-02
2.313437610864639282e-01
5.658254772424697876e-02
2.602313160896301270e-01
-9.466625750064849854e-02
3.134104907512664795e-01
1.956108771264553070e-02
8.869177661836147308e-03
3.211481869220733643e-01
2.898108959197998047e-01
2.020450234413146973e-01
1.797326654195785522e-01
2.244820892810821533e-01
2.625734806060791016e-01
-6.067510694265365601e-03
2.905878722667694092e-01
-1.007143482565879822e-01
-1.216496303677558899e-01
-4.755390435457229614e-02
