6.214280426502227783e-02
-1.329767405986785889e-01
-1.732650846242904663e-01
-1.505866348743438721e-01
-2.180275619029998779e-01
3.981030732393264771e-02
-2.121806377544999123e-03
-3.476298600435256958e-02
4.754182696342468262e-02
-1.645286083221435547e-01
6.239482667297124863e-03
8.618620783090591431e-02
5.178480874747037888e-03
1.682315915822982788e-01
-9.829206764698028564e-02
-1.391219440847635269e-02
2.627233602106571198e-02
5.250650644302368164e-02
2.878955900669097900e-01
-1.011908203363418579e-01
-8.949182927608489990e-03
-1.835609786212444305e-02
-6.097926944494247437e-02
5.401491001248359680e-02
-2.677875943481922150e-02
1.903595179319381714e-01
9.005770087242126465e-02
9.792805463075637817e-02
6.474748253822326660e-02
1.119026839733123779e-01
3.389963135123252869e-02
5.689600110054016113e-02
-1.703009456396102905e-01
1.201512739062309265e-01
4.528285935521125793e-02
1.187931448221206665e-01
9.372007101774215698e-02
8.652905374765396118e-02
-6.333567202091217041e-02
1.573996096849441528e-01
-1.432930231094360352e-01
-3.858298808336257935e-02
-3.182618618011474609e-01
5.669283494353294373e-02
-7.472623884677886963e-02
7.669901475310325623e-03
8.057053387165069580e-02
1.202120929956436157e-01
1.618220284581184387e-02
6.970012933015823364e-02
1.873719133436679840e-02
-5.309384316205978394e-02
-2.741928771138191223e-02
1.262563467025756836e-01
2.327788919210433960e-01
8.950685709714889526e-02
1.133874356746673584e-01
-4.836130887269973755e-02
-4.605363681912422180e-02
1.127477362751960754e-02
4.191990941762924194e-03
5.816558748483657837e-02
5.517636239528656006e-02
2.924201544374227524e-03
-8.142869919538497925e-02
-1.331626325845718384e-01
5.779503285884857178e-02
1.592308878898620605e-01
2.840208820998668671e-02
2.350859716534614563e-02
-4.505660012364387512e-02
7.351643405854701996e-03
2.113016992807388306e-01
-2.340374439954757690e-01
-1.228074729442596436e-01
3.377252519130706787e-01
-8.023863285779953003e-02
-4.281919449567794800e-03
6.086365133523941040e-02
-1.455303132534027100e-01
-4.774176329374313354e-02
-1.269663870334625244e-01
3.998508155345916748e-01
3.930609673261642456e-02
-3.995128348469734192e-02
-2.092542126774787903e-03
1.683567464351654053e-02
2.543616890907287598e-01
-6.550841927528381348e-01
5.691287666559219360e-02
-5.260591581463813782e-02
-4.835474491119384766e-02
2.371773272752761841e-01
-3.701773658394813538e-02
6.265562772750854492e-02
-1.973171085119247437e-01
9.899744391441345215e-02
2.407782524824142456e-02
1.154133006930351257e-01
-7.451352477073669434e-02
