2.681817710399627686e-01
-1.026310771703720093e-01
5.349894613027572632e-02
4.369824528694152832e-01
1.507040709257125854e-01
-1.481235623359680176e-01
-8.705679327249526978e-02
2.413883358240127563e-01
7.210405170917510986e-02
6.164165139198303223e-01
-9.223437309265136719e-02
3.245696425437927246e-02
-6.033153459429740906e-02
-2.325948774814605713e-01
2.182098031044006348e-01
1.093540415167808533e-01
2.259405106306076050e-01
4.010970592498779297e-01
1.776644736528396606e-01
2.787005305290222168e-01
-6.916152685880661011e-02
2.388276904821395874e-01
-1.682055890560150146e-01
1.535288840532302856e-01
-1.831372082233428955e-02
1.931485086679458618e-01
6.195919588208198547e-02
-1.569475829601287842e-01
-3.571664914488792419e-02
-2.448580972850322723e-02
1.618002653121948242e-01
1.596148759126663208e-01
-1.648165285587310791e-01
-1.894572228193283081e-01
-8.050625026226043701e-02
2.750267982482910156e-01
-2.775180935859680176e-01
2.561159729957580566e-01
-8.905275911092758179e-02
1.759352684020996094e-01
-1.044115126132965088e-01
-1.496825814247131348e-01
1.632021665573120117e-01
2.362599819898605347e-01
-2.714496850967407227e-02
9.207927435636520386e-02
-6.754040718078613281e-02
-7.711905241012573242e-02
4.668407887220382690e-02
-9.883505105972290039e-02
2.061770707368850708e-01
1.395252794027328491e-01
-6.513667851686477661e-02
-3.507389128208160400e-02
-8.427304774522781372e-02
2.399305254220962524e-01
2.446351796388626099e-01
1.871060431003570557e-01
2.350108325481414795e-02
-3.222435712814331055e-02
4.902385920286178589e-02
-4.806313291192054749e-02
2.515414059162139893e-01
9.312555193901062012e-02
1.297019124031066895e-01
8.688532561063766479e-02
4.618539810180664062e-01
-1.191179156303405762e-01
-6.695178337395191193e-03
-1.101406216621398926e-01
2.664246261119842529e-01
1.638176888227462769e-01
1.921201199293136597e-01
2.006231546401977539e-01
-6.423538923263549805e-02
-3.732441961765289307e-01
1.697743833065032959e-01
2.681016325950622559e-01
-1.927738487720489502e-01
3.176598250865936279e-02
-3.056778572499752045e-02
-3.833381533622741699e-01
1.035139113664627075e-01
8.176674693822860718e-02
-7.743857800960540771e-02
1.570370942354202271e-01
2.592072188854217529e-01
-2.532743215560913086e-01
1.623546183109283447e-01
-4.304153099656105042e-02
-2.154602855443954468e-01
-1.211973503232002258e-01
2.703505568206310272e-02
-1.889266967773437500e-01
-1.449735164642333984e-01
1.036045700311660767e-02
1.599378883838653564e-01
-1.599533706903457642e-01
1.720335781574249268e-01
1.825488209724426270e-01
