1.179797053337097168e-01
-1.804112941026687622e-01
4.471397399902343750e-02
2.769587039947509766e-01
4.954030364751815796e-02
-2.389232218265533447e-01
1.762857474386692047e-02
8.153157681226730347e-02
1.721927709877490997e-02
5.264561772346496582e-01
-2.520472556352615356e-02
-1.850214414298534393e-02
-9.804395586252212524e-02
-2.356581836938858032e-01
7.110755890607833862e-02
3.404508810490369797e-03
1.089372634887695312e-01
4.726043343544006348e-01
1.510107051581144333e-02
1.177612766623497009e-01
-2.894673943519592285e-01
9.859022498130798340e-02
-3.092895150184631348e-01
7.676914334297180176e-02
-5.107582211494445801e-01
1.028123870491981506e-01
8.157009258866310120e-03
-3.961173892021179199e-01
-4.322317894548177719e-03
-4.246841669082641602e-01
9.403624571859836578e-03
4.727286100387573242e-02
-3.197257816791534424e-01
-3.627504408359527588e-01
-9.166015312075614929e-03
1.024172157049179077e-01
-2.918458878993988037e-01
1.065267175436019897e-01
6.832520011812448502e-03
5.892062559723854065e-02
8.214116096496582031e-03
1.835207641124725342e-02
1.393006369471549988e-02
3.488615155220031738e-02
-1.429724320769309998e-02
2.871449105441570282e-02
-3.737020790576934814e-01
6.864262744784355164e-03
-7.087286561727523804e-02
-9.477146714925765991e-02
7.553625851869583130e-02
8.027976006269454956e-02
-2.706182748079299927e-02
-5.138814076781272888e-02
-2.146545052528381348e-01
4.601445049047470093e-02
9.406711161136627197e-02
5.624009668827056885e-02
1.341104358434677124e-01
-5.365462973713874817e-02
2.214709669351577759e-01
2.126850001513957977e-02
4.751267656683921814e-02
2.651375485584139824e-03
5.314607545733451843e-02
3.870351985096931458e-02
3.832302391529083252e-01
8.730687201023101807e-03
1.243317052721977234e-01
-2.593329641968011856e-03
1.281621158123016357e-01
1.055109649896621704e-01
2.910497039556503296e-02
2.595503255724906921e-02
-4.009189009666442871e-01
-4.988953471183776855e-01
9.963843971490859985e-02
8.399315178394317627e-02
-2.846229374408721924e-01
-1.687623113393783569e-01
-1.638438850641250610e-01
-1.106052473187446594e-01
-1.081971526145935059e-01
-5.925955176353454590e-01
7.147329300642013550e-02
2.006741613149642944e-02
1.290565878152847290e-01
-4.178436994552612305e-01
3.584995493292808533e-02
-7.190452516078948975e-02
-3.763070702552795410e-01
-5.926660820841789246e-02
5.068382024765014648e-01
-1.740493476390838623e-01
1.912370324134826660e-01
-4.813757166266441345e-02
5.332806706428527832e-02
-2.302273362874984741e-01
6.943963468074798584e-02
5.601854994893074036e-02
