1.211788654327392578e-01
-1.492453366518020630e-01
6.450472772121429443e-02
3.672541817650198936e-03
1.019622683525085449e-01
1.496361643075942993e-01
2.176365703344345093e-01
-8.768162131309509277e-02
2.283056639134883881e-02
1.171536222100257874e-01
-1.098854988813400269e-01
-1.320454776287078857e-01
-6.767338514328002930e-02
1.191825792193412781e-02
-8.045716211199760437e-03
-1.471478939056396484e-01
7.586964406073093414e-03
-3.836909532546997070e-01
2.056290507316589355e-01
1.682619452476501465e-01
3.323440253734588623e-01
-4.586279392242431641e-03
-6.201742216944694519e-02
-5.240072607994079590e-01
-3.244433924555778503e-02
-6.141019053757190704e-03
-5.422617867588996887e-02
-4.575915038585662842e-01
8.702401071786880493e-02
-8.858170360326766968e-02
-6.562958657741546631e-02
-6.290671229362487793e-02
-2.046707123517990112e-01
1.135505177080631256e-02
-1.235910430550575256e-01
2.201440036296844482e-01
-3.577796816825866699e-01
-1.462811529636383057e-01
1.367175728082656860e-01
-1.198059096932411194e-01
1.290820986032485962e-01
1.099324449896812439e-01
1.759484559297561646e-01
-5.714471638202667236e-02
-1.119578480720520020e-01
-5.976274982094764709e-02
6.458828598260879517e-02
-1.329201608896255493e-01
-2.928253635764122009e-02
-1.162490546703338623e-01
-3.675799965858459473e-01
-7.016184972599148750e-04
-5.743576884269714355e-01
-4.241116940975189209e-01
-1.296559870243072510e-01
-4.491683840751647949e-02
-9.827446937561035156e-02
-7.930875569581985474e-02
-6.793497130274772644e-03
2.790270447731018066e-01
2.201134711503982544e-02
-4.504554346203804016e-02
-2.393011935055255890e-02
-7.458673417568206787e-02
1.395196188241243362e-03
-4.157380759716033936e-02
4.043679311871528625e-02
-4.483592808246612549e-01
-1.120809242129325867e-01
3.026430904865264893e-01
-1.788927018642425537e-01
-4.822510480880737305e-02
3.489808142185211182e-01
6.359095126390457153e-02
5.952741950750350952e-02
5.712696164846420288e-02
2.246184200048446655e-01
1.806176640093326569e-02
2.318793088197708130e-01
1.352419406175613403e-01
-4.054172039031982422e-01
8.417049795389175415e-02
9.884544461965560913e-02
-3.069342970848083496e-01
2.579882442951202393e-01
2.035225629806518555e-01
1.123311445116996765e-01
-3.215713053941726685e-02
-5.986826959997415543e-03
-2.249047346413135529e-02
-1.309530884027481079e-01
2.663209438323974609e-01
1.600438170135021210e-02
1.812387555837631226e-01
4.037238657474517822e-02
2.342179417610168457e-01
-1.214086934924125671e-01
-1.257252693176269531e-01
6.431050598621368408e-02
5.680729076266288757e-02
