-1.468555070459842682e-02
2.250490784645080566e-01
2.290478795766830444e-01
2.532117068767547607e-01
-9.191685169935226440e-02
7.900678552687168121e-03
-1.881028860807418823e-01
-1.887010037899017334e-01
2.311986833810806274e-01
2.364244014024734497e-01
1.945755332708358765e-01
-2.868403680622577667e-02
-8.238159865140914917e-02
1.959060728549957275e-01
-5.914613232016563416e-02
-6.114842891693115234e-01
-2.415155060589313507e-02
3.104237020015716553e-01
-2.486768066883087158e-01
1.910944432020187378e-01
3.067331910133361816e-01
-9.869265556335449219e-02
2.057312615215778351e-02
1.196115165948867798e-01
-7.031428068876266479e-02
3.824804350733757019e-02
-4.810990020632743835e-02
-2.900696396827697754e-01
-2.461398988962173462e-01
6.343682110309600830e-02
3.015215694904327393e-01
2.046785801649093628e-01
-1.156983375549316406e-01
1.631075888872146606e-01
-4.717619717121124268e-02
-2.329788208007812500e-01
2.068385928869247437e-01
1.833580434322357178e-01
-1.592017263174057007e-01
1.516846418380737305e-01
-2.756347879767417908e-02
-2.273970544338226318e-01
-1.373749524354934692e-01
1.707644164562225342e-01
7.899305224418640137e-02
1.475052386522293091e-01
2.009061425924301147e-01
2.991195321083068848e-01
-8.977267146110534668e-02
2.805245816707611084e-01
-8.944451808929443359e-02
3.696209937334060669e-02
1.387493759393692017e-01
-5.241186916828155518e-02
-8.280208706855773926e-02
6.894577145576477051e-01
-1.523014754056930542e-01
-1.375584155321121216e-01
1.096920222043991089e-01
-1.397766023874282837e-01
3.045831322669982910e-01
-1.002476811408996582e-01
8.235400170087814331e-02
2.698529362678527832e-01
-7.562031596899032593e-02
-2.241097763180732727e-02
-1.171273812651634216e-01
-1.065822392702102661e-01
5.930771306157112122e-02
2.965933084487915039e-01
3.566109389066696167e-02
2.589977979660034180e-01
1.872632466256618500e-02
1.811959892511367798e-01
2.668111920356750488e-01
-1.254324167966842651e-01
1.921639591455459595e-01
-1.406219452619552612e-01
3.999820724129676819e-02
-2.574295997619628906e-01
1.682281792163848877e-01
3.163886070251464844e-01
2.959578633308410645e-01
5.814910680055618286e-02
2.892147898674011230e-01
3.085572421550750732e-01
2.283888310194015503e-01
-3.027425408363342285e-01
-2.946189977228641510e-02
-1.712291240692138672e-01
1.641375869512557983e-01
2.303813844919204712e-01
-5.366331711411476135e-02
-4.261370003223419189e-02
-1.146730855107307434e-01
2.604396939277648926e-01
-5.154053568840026855e-01
2.382404208183288574e-01
-1.122962087392807007e-01
1.694744527339935303e-01
