1.321242302656173706e-01
3.395055830478668213e-01
-7.608170807361602783e-02
1.000712439417839050e-01
1.469379663467407227e-01
-6.378579884767532349e-02
2.140334397554397583e-01
2.237938642501831055e-01
-1.780317537486553192e-02
1.071460992097854614e-01
1.058936957269906998e-02
-3.778650891035795212e-03
2.206694781780242920e-01
1.021581515669822693e-01
-3.754785284399986267e-02
-3.678033128380775452e-03
7.843831926584243774e-02
1.777859628200531006e-01
4.822457674890756607e-03
-2.289494127035140991e-02
5.124861374497413635e-02
1.272290199995040894e-01
-6.241143122315406799e-02
7.514485716819763184e-02
-1.140097305178642273e-01
-1.387936025857925415e-01
-7.929898798465728760e-02
-9.432494640350341797e-02
1.473371684551239014e-01
-1.751253567636013031e-02
-1.600664667785167694e-02
1.989543437957763672e-01
2.501217275857925415e-02
-1.586308777332305908e-01
4.923538863658905029e-02
6.390832364559173584e-02
1.593021601438522339e-01
1.014787554740905762e-01
3.188307881355285645e-01
8.124294877052307129e-02
-1.270540505647659302e-01
3.636873513460159302e-02
-3.938194736838340759e-02
3.368094861507415771e-01
-6.926480680704116821e-02
-7.392938435077667236e-02
1.210625544190406799e-01
-2.155752666294574738e-02
8.144735358655452728e-03
2.715479955077171326e-02
-1.039473991841077805e-02
2.093412168323993683e-02
-1.054280847311019897e-01
1.922535300254821777e-01
-5.255231168121099472e-03
-2.247619330883026123e-01
7.667690515518188477e-02
1.966748759150505066e-02
1.143717542290687561e-01
2.020750194787979126e-01
-5.025788396596908569e-02
-6.893613189458847046e-02
1.377697885036468506e-01
-7.945555262267589569e-03
-1.090570390224456787e-01
1.441755443811416626e-01
-2.479886263608932495e-02
1.222757175564765930e-01
2.468691319227218628e-01
6.506840139627456665e-02
-7.805500179529190063e-02
3.872415125370025635e-01
6.187596824020147324e-03
5.918852984905242920e-02
2.367606312036514282e-01
3.845327720046043396e-02
2.945773005485534668e-01
1.591629683971405029e-01
-1.714246273040771484e-01
1.420003324747085571e-01
1.242404878139495850e-01
5.633025243878364563e-02
-3.044183179736137390e-02
3.617947399616241455e-01
1.375855207443237305e-01
1.876237392425537109e-01
3.150082528591156006e-01
2.807084023952484131e-01
-1.777643896639347076e-02
-2.762164771556854248e-01
2.260047346353530884e-01
9.554649703204631805e-03
7.470192015171051025e-02
1.407718956470489502e-01
1.148202344775199890e-01
-2.889607101678848267e-02
8.715110272169113159e-02
2.089624106884002686e-01
-1.725191622972488403e-01
2.820089831948280334e-02
