-3.837179765105247498e-02
-2.049056589603424072e-01
-1.106767803430557251e-01
-9.984820336103439331e-02
-1.288682315498590469e-02
-8.383615314960479736e-02
2.912397384643554688e-01
-4.457771405577659607e-02
3.808501362800598145e-01
3.875082731246948242e-01
-6.306999921798706055e-02
1.416898071765899658e-01
3.553121909499168396e-02
-2.216070294380187988e-01
2.973234653472900391e-02
2.818443179130554199e-01
-8.289892971515655518e-02
-6.622694432735443115e-02
3.744606673717498779e-01
6.921420572325587273e-04
-2.001370489597320557e-02
4.906131327152252197e-02
-1.073819249868392944e-01
-1.425852179527282715e-01
-6.498453207314014435e-03
2.363286167383193970e-01
3.307276666164398193e-01
-1.113813295960426331e-01
-6.902240216732025146e-02
3.010154962539672852e-01
9.139637649059295654e-02
-8.607060462236404419e-02
2.445089258253574371e-02
-6.705387681722640991e-02
-8.466157317161560059e-02
3.731943368911743164e-01
1.300228293985128403e-02
-9.444203227758407593e-02
1.743788458406925201e-02
-7.445111870765686035e-02
3.146267533302307129e-01
-6.436943262815475464e-02
-1.105345934629440308e-01
5.262191593647003174e-02
3.585389554500579834e-01
-1.747543737292289734e-02
-1.097336336970329285e-01
2.782708108425140381e-01
6.459899991750717163e-02
-5.036253109574317932e-02
-8.918573707342147827e-02
3.679932057857513428e-01
3.362367153167724609e-01
2.225839346647262573e-01
4.015985131263732910e-01
2.485319972038269043e-01
-9.351785480976104736e-02
1.438432335853576660e-01
-2.039699442684650421e-02
3.433010876178741455e-01
3.897470831871032715e-01
2.444752752780914307e-01
-4.778373986482620239e-02
-3.479905426502227783e-02
-1.369823664426803589e-01
-5.504709482192993164e-02
3.431139513850212097e-02
-8.286645263433456421e-02
1.493351012468338013e-01
5.644310638308525085e-02
6.745696067810058594e-02
3.160568475723266602e-01
-1.131636202335357666e-01
5.685262382030487061e-02
-4.797285050153732300e-02
-3.731599450111389160e-02
-6.964224576950073242e-02
-1.538150906562805176e-01
-9.807211160659790039e-02
3.114657104015350342e-01
-5.215945467352867126e-02
3.383776545524597168e-01
4.438746720552444458e-02
3.982850909233093262e-01
3.088747262954711914e-01
3.062199652194976807e-01
2.537608444690704346e-01
2.704493701457977295e-01
-3.816627562046051025e-01
2.933742105960845947e-01
-1.046732515096664429e-01
2.712668776512145996e-01
3.322459459304809570e-01
4.317173734307289124e-02
3.300900459289550781e-01
4.008838236331939697e-01
-4.129495471715927124e-02
2.936947643756866455e-01
-9.671036899089813232e-02
3.817107975482940674e-01
