2.305157110095024109e-02
1.607306897640228271e-01
9.761141985654830933e-02
-2.228740304708480835e-01
2.920644916594028473e-02
2.494190037250518799e-01
1.852611005306243896e-01
1.710717678070068359e-01
-1.138511076569557190e-01
8.781318366527557373e-02
-2.893806062638759613e-02
-1.507726311683654785e-01
-4.265981167554855347e-02
6.783346831798553467e-02
-1.653186082839965820e-01
1.836874894797801971e-02
1.091944053769111633e-01
1.295901536941528320e-01
1.428821235895156860e-01
-5.326488055288791656e-03
2.512934803962707520e-02
9.307958185672760010e-02
1.697570830583572388e-01
-8.782088756561279297e-02
4.386385902762413025e-02
-7.340314984321594238e-02
2.131928503513336182e-02
7.866071909666061401e-02
1.855109259486198425e-02
-1.278176456689834595e-01
1.403356343507766724e-01
-1.219573020935058594e-01
-5.707161501049995422e-02
5.639553442597389221e-02
1.588121205568313599e-01
-1.427627801895141602e-01
5.514160916209220886e-02
-2.182712703943252563e-01
8.570985496044158936e-02
2.408064715564250946e-02
-1.819224655628204346e-02
9.416725486516952515e-03
2.087843790650367737e-02
-6.516456604003906250e-02
-4.668736085295677185e-02
4.453163594007492065e-02
-2.795174345374107361e-02
-1.703372970223426819e-02
1.413211077451705933e-01
1.308283954858779907e-01
-1.825458370149135590e-02
9.984099119901657104e-02
1.378431618213653564e-01
1.377964764833450317e-01
8.851203136146068573e-03
2.070781588554382324e-01
-1.583602577447891235e-01
9.637951850891113281e-02
-9.622879326343536377e-02
-6.601252406835556030e-02
6.834539026021957397e-02
-1.096386015415191650e-01
1.300272811204195023e-02
-3.246212899684906006e-01
7.781935855746269226e-03
1.948193907737731934e-01
9.983508288860321045e-02
7.987111061811447144e-02
1.709132790565490723e-01
8.688264340162277222e-02
4.785359278321266174e-02
-3.039280176162719727e-01
-9.758953005075454712e-03
7.627177238464355469e-02
8.134959638118743896e-02
8.004220575094223022e-02
1.630071736872196198e-02
6.443420797586441040e-02
-2.340030968189239502e-01
3.324727714061737061e-02
4.749940335750579834e-02
2.345262616872787476e-01
-4.380300641059875488e-02
1.872730553150177002e-01
2.614683508872985840e-01
-6.900105625391006470e-02
1.041517406702041626e-01
1.336666792631149292e-01
1.502181123942136765e-02
1.211978197097778320e-01
8.172965049743652344e-02
1.160869970917701721e-01
1.384604442864656448e-02
-4.138375073671340942e-02
-1.102985218167304993e-01
2.360313683748245239e-01
9.745002537965774536e-02
1.785658150911331177e-01
1.279523521661758423e-01
-1.311234533786773682e-01
