-1.248046159744262695e-01
3.563001453876495361e-01
2.730620503425598145e-01
3.575630784034729004e-01
-2.249713093042373657e-01
6.568212062120437622e-02
-1.683083549141883850e-02
3.078445792198181152e-01
-9.086106717586517334e-02
-3.327023610472679138e-02
-1.062049418687820435e-01
4.576708190143108368e-03
1.896575391292572021e-01
-8.682663738727569580e-02
-1.033633947372436523e-01
3.394768238067626953e-01
3.527310192584991455e-01
1.391151919960975647e-02
-4.003817215561866760e-02
2.737569808959960938e-01
-3.707734495401382446e-02
2.413722723722457886e-01
2.891839742660522461e-01
-6.315790116786956787e-02
1.493794322013854980e-01
-2.349504083395004272e-01
3.677736222743988037e-01
3.069005608558654785e-01
-8.663627505302429199e-02
2.512862086296081543e-01
-2.431085854768753052e-01
2.666220068931579590e-01
2.896820008754730225e-01
3.411409556865692139e-01
-3.037739992141723633e-01
-1.906759850680828094e-02
-2.978829853236675262e-02
-1.091421172022819519e-01
3.415421545505523682e-01
3.525437414646148682e-01
-1.744649745523929596e-02
3.564392924308776855e-01
2.958768904209136963e-01
1.851909458637237549e-01
3.431311845779418945e-01
2.258548326790332794e-02
-1.160025000572204590e-01
-1.864439621567726135e-02
2.662660777568817139e-01
3.614621162414550781e-01
-1.564480513334274292e-01
2.772479951381683350e-01
-4.121455177664756775e-02
5.104908719658851624e-02
1.666991785168647766e-02
2.613176107406616211e-01
2.126664221286773682e-01
-4.253826662898063660e-02
2.294050604104995728e-01
4.762036725878715515e-02
-6.916522979736328125e-02
3.655041158199310303e-01
2.226133197546005249e-01
-4.348966106772422791e-02
9.117273241281509399e-02
-1.404675748199224472e-02
7.554219104349613190e-03
-4.108229577541351318e-01
1.177082434296607971e-01
-1.020364984869956970e-01
2.375441938638687134e-01
1.039469018578529358e-01
9.159295819699764252e-03
5.640828236937522888e-02
2.343846559524536133e-01
6.284548342227935791e-02
2.181649506092071533e-01
-1.218603402376174927e-01
3.664627969264984131e-01
-1.498957872390747070e-01
3.787336647510528564e-01
3.604164719581604004e-01
-1.086105704307556152e-01
-2.943579107522964478e-02
1.431469768285751343e-01
1.160492524504661560e-01
-2.352448366582393646e-02
3.661496639251708984e-01
-9.919027239084243774e-02
2.309009879827499390e-01
-6.529936939477920532e-02
3.277653753757476807e-01
2.494397014379501343e-01
2.664745151996612549e-01
-2.427865564823150635e-01
3.559358716011047363e-01
-4.498969018459320068e-02
6.173022836446762085e-02
3.933934867382049561e-01
5.019340291619300842e-02
