1.148613821715116501e-02
2.655076235532760620e-02
3.635239899158477783e-01
-3.469393774867057800e-02
2.766023948788642883e-02
1.892453134059906006e-01
-1.895463326945900917e-03
2.137301266193389893e-01
1.554717421531677246e-01
-2.028047144412994385e-01
1.435964554548263550e-02
3.012465871870517731e-02
-1.673224419355392456e-01
-1.243451051414012909e-02
-6.564432382583618164e-02
1.262369453907012939e-01
-2.833437323570251465e-01
-1.305229216814041138e-01
-2.407650277018547058e-02
8.095433586277067661e-04
-2.571530640125274658e-02
-1.356531530618667603e-01
-3.192078173160552979e-01
-3.983587771654129028e-02
1.282072216272354126e-01
1.477366685867309570e-01
1.858513951301574707e-01
-1.201391965150833130e-01
3.750566393136978149e-02
-3.571451082825660706e-02
3.780167177319526672e-02
1.557214707136154175e-01
1.271488517522811890e-02
1.375244930386543274e-03
-3.462636843323707581e-02
1.825592666864395142e-01
1.737301945686340332e-01
-3.944804519414901733e-02
3.638329803943634033e-01
1.196095868945121765e-01
-1.192012727260589600e-01
-5.691126734018325806e-02
1.473917514085769653e-01
1.407958474010229111e-02
2.727039456367492676e-01
4.174129106104373932e-03
-1.802058666944503784e-01
-1.596494168043136597e-01
1.567904800176620483e-01
1.164039224386215210e-01
1.618837416172027588e-01
2.179045230150222778e-02
-2.839946150779724121e-01
-3.211771696805953979e-02
-6.550519913434982300e-02
8.022668212652206421e-02
8.470790833234786987e-02
3.063207492232322693e-02
-2.468323521316051483e-02
-5.856168642640113831e-02
5.409115180373191833e-02
-8.225607126951217651e-02
-2.565742135047912598e-01
1.727535575628280640e-01
-1.369440741837024689e-02
-1.257087942212820053e-02
2.123408913612365723e-01
4.460676386952400208e-02
1.601875722408294678e-01
-7.559221982955932617e-02
2.325494289398193359e-01
-1.391841769218444824e-01
7.782485336065292358e-02
5.740321427583694458e-02
3.146249949932098389e-01
-1.969464719295501709e-01
1.910014450550079346e-01
2.654924988746643066e-01
4.795039817690849304e-02
-1.434749960899353027e-01
1.516244411468505859e-01
3.200697302818298340e-01
1.535929441452026367e-01
-1.210738569498062134e-01
-5.948037281632423401e-02
-1.345544755458831787e-01
1.715350449085235596e-01
-2.927034497261047363e-01
-8.628325164318084717e-02
-1.142513100057840347e-02
-1.130746081471443176e-01
-1.643791645765304565e-01
-1.351388692855834961e-01
5.412992462515830994e-02
4.146353527903556824e-02
-3.032087534666061401e-02
5.417659506201744080e-02
-4.832843691110610962e-02
-1.801903396844863892e-01
7.764948159456253052e-02
