2.210643291473388672e-01
-9.234535694122314453e-02
-8.533456176519393921e-02
5.033168196678161621e-02
-1.330435723066329956e-01
-9.948441386222839355e-01
-8.986348658800125122e-02
-2.450150996446609497e-01
-8.895804733037948608e-02
-1.865074336528778076e-01
3.386481404304504395e-01
2.807604968547821045e-01
1.689991503953933716e-01
-1.166286170482635498e-01
-1.970459371805191040e-01
4.586952030658721924e-01
1.388565748929977417e-01
3.613530397415161133e-01
3.023820817470550537e-01
2.688030302524566650e-01
2.528696358203887939e-01
-1.364761590957641602e-01
-1.238930523395538330e-01
1.328842788934707642e-01
2.081639170646667480e-01
-7.131690979003906250e-01
2.319662868976593018e-01
1.576013118028640747e-02
3.760747015476226807e-01
-2.359332740306854248e-01
-3.835200890898704529e-02
-1.025110334157943726e-01
1.995851397514343262e-01
-1.470382213592529297e-01
2.425830662250518799e-01
-1.411199122667312622e-01
-4.722804203629493713e-02
-5.025372654199600220e-02
-4.229445010423660278e-02
-1.625694483518600464e-01
3.654636144638061523e-01
-1.101900041103363037e-01
1.350018978118896484e-01
-2.469231747090816498e-02
-2.308430820703506470e-01
3.724771365523338318e-02
-1.397606879472732544e-01
7.012959569692611694e-02
3.525698184967041016e-01
-6.016299501061439514e-02
2.569908499717712402e-01
1.652483642101287842e-01
-1.642162501811981201e-01
1.570797562599182129e-01
-7.895217835903167725e-02
-5.852645635604858398e-02
-5.499662086367607117e-02
-3.624329715967178345e-02
2.839707732200622559e-01
-1.453974246978759766e-01
2.570587694644927979e-01
2.858485579490661621e-01
2.569987177848815918e-01
-1.289892196655273438e-01
-1.329695880413055420e-01
-6.871829181909561157e-02
5.594599843025207520e-01
-5.762401502579450607e-03
-6.901380419731140137e-02
-9.418854117393493652e-02
2.506501078605651855e-01
2.362015247344970703e-01
-8.552221208810806274e-02
-2.147250324487686157e-01
1.388150006532669067e-01
-1.626118272542953491e-01
-9.811657667160034180e-02
-8.163447678089141846e-02
-2.022924721240997314e-01
2.472612857818603516e-01
3.284564316272735596e-01
-1.488641947507858276e-01
1.920235306024551392e-01
1.095468178391456604e-01
3.145906031131744385e-01
-6.324827671051025391e-02
-7.744726538658142090e-02
1.633304655551910400e-01
3.511511981487274170e-01
2.605357766151428223e-01
-2.831918001174926758e-01
2.202729880809783936e-01
-1.548060476779937744e-01
2.586435377597808838e-01
8.422140777111053467e-02
-1.384423077106475830e-01
2.699631750583648682e-01
2.398574203252792358e-01
-9.554232470691204071e-03
2.857046127319335938e-01
