1.834965348243713379e-01
-1.071209181100130081e-02
-5.117368698120117188e-02
1.497092097997665405e-01
5.968812853097915649e-03
-1.013775467872619629e+00
-2.529006898403167725e-01
-2.091142237186431885e-01
3.395465435460209846e-03
-1.813515126705169678e-01
1.104365959763526917e-01
6.415879353880882263e-03
8.326027542352676392e-02
3.159828949719667435e-03
-2.955062687397003174e-01
2.369516491889953613e-01
1.191077157855033875e-01
3.445119261741638184e-01
1.255980283021926880e-01
9.941086173057556152e-02
1.034796014428138733e-01
-2.600260637700557709e-02
-1.399479657411575317e-01
-1.407330781221389771e-01
7.087314873933792114e-02
-5.533221364021301270e-01
6.974090635776519775e-02
4.424244910478591919e-02
1.348562985658645630e-01
-3.020445108413696289e-01
-1.492775827646255493e-01
-2.398986816406250000e-01
4.614689201116561890e-02
-3.499658778309822083e-02
7.081712782382965088e-02
-2.197455614805221558e-01
-4.161032661795616150e-02
-7.218847982585430145e-03
-3.880083188414573669e-02
-1.737647652626037598e-01
1.233791038393974304e-01
3.304091840982437134e-02
-1.621966809034347534e-01
-1.516485307365655899e-02
-2.591877579689025879e-01
-9.688775986433029175e-02
-1.000646501779556274e-02
2.281499467790126801e-02
9.872121363878250122e-02
-2.964678965508937836e-02
9.156373143196105957e-02
6.230252608656883240e-02
8.129341006278991699e-01
1.098609119653701782e-01
-2.136270701885223389e-02
3.917808644473552704e-03
-1.817842274904251099e-01
-8.626944385468959808e-03
8.803529292345046997e-02
1.680972054600715637e-02
1.463060150854289532e-03
7.326365262269973755e-02
1.095620840787887573e-01
4.386052191257476807e-01
-9.572763927280902863e-03
-2.223487384617328644e-02
5.430448651313781738e-01
1.029656767845153809e+00
-2.262100726366043091e-01
2.212632000446319580e-01
5.854314193129539490e-02
7.708700001239776611e-02
-8.742190897464752197e-03
-2.240191102027893066e-01
7.897501811385154724e-03
3.750375658273696899e-02
-1.809038221836090088e-01
-2.069531232118606567e-01
-2.324513345956802368e-01
4.900695011019706726e-02
1.100542545318603516e-01
5.324194952845573425e-02
3.893383592367172241e-02
-8.877656608819961548e-02
9.441646188497543335e-02
4.339353144168853760e-01
1.507136877626180649e-02
4.229444265365600586e-02
9.773102402687072754e-02
8.608070015907287598e-02
-3.572262525558471680e-01
1.225372701883316040e-01
-3.932350277900695801e-01
2.662830753251910210e-03
-1.309121102094650269e-01
-1.498804390430450439e-01
5.548924580216407776e-02
1.417961437255144119e-02
-4.891876503825187683e-02
1.142148301005363464e-01
