7.122071832418441772e-02
1.116673797369003296e-01
4.485759139060974121e-02
-2.756577134132385254e-01
1.100147143006324768e-01
2.969892928376793861e-03
6.481970101594924927e-02
-1.329980045557022095e-02
6.410285085439682007e-02
-4.323287308216094971e-02
-2.478393167257308960e-01
2.676763013005256653e-02
-1.665223836898803711e-01
2.828626893460750580e-02
-5.319887399673461914e-02
1.776369474828243256e-02
-4.661354124546051025e-01
-1.720165759325027466e-01
-3.695935606956481934e-01
-3.658220916986465454e-02
1.074295341968536377e-01
1.000613346695899963e-01
-2.083960771560668945e-01
-3.490448743104934692e-02
7.335434108972549438e-02
1.400883942842483521e-01
-3.081113100051879883e-02
1.070357635617256165e-01
7.470132410526275635e-02
2.431864477694034576e-02
1.358530372381210327e-01
-2.787973964586853981e-03
7.204426825046539307e-02
-6.616653501987457275e-02
3.787858411669731140e-02
7.580946199595928192e-03
1.903157383203506470e-01
6.870365142822265625e-02
6.576324254274368286e-02
-7.208673655986785889e-02
2.351449057459831238e-02
9.108136408030986786e-03
-1.637498587369918823e-01
-1.380521357059478760e-01
4.946902394294738770e-02
-3.623479604721069336e-02
3.971711918711662292e-02
1.411479339003562927e-02
1.239608451724052429e-01
-3.526759445667266846e-01
7.736454904079437256e-02
5.651567876338958740e-02
-2.642610110342502594e-02
3.551153838634490967e-02
6.616130471229553223e-02
1.052697896957397461e-01
-9.217502474784851074e-01
2.135105617344379425e-02
3.654023632407188416e-02
9.390502423048019409e-02
-5.197438597679138184e-02
1.138291805982589722e-01
2.610859647393226624e-02
1.798553913831710815e-01
4.808555245399475098e-01
-9.005433320999145508e-02
-3.190825283527374268e-01
-1.603502780199050903e-02
-2.900670170783996582e-01
9.579413384199142456e-02
6.463375687599182129e-02
4.778192192316055298e-02
3.898454830050468445e-02
-1.249983441084623337e-02
5.548402667045593262e-03
-2.453343272209167480e-01
1.015482377260923386e-02
1.262183487415313721e-01
1.214116290211677551e-01
-1.337726227939128876e-02
-1.769240014255046844e-02
8.651762455701828003e-02
3.915631771087646484e-01
3.593322634696960449e-02
2.785777747631072998e-01
-2.704293727874755859e-01
-5.236690118908882141e-02
1.094389427453279495e-02
-4.247088357806205750e-02
-6.065312400460243225e-02
6.001962721347808838e-02
-8.250864595174789429e-02
-9.041032753884792328e-03
8.330278098583221436e-02
9.536676853895187378e-02
-2.986028045415878296e-02
2.698376402258872986e-02
-4.741742741316556931e-03
7.471450418233871460e-02
1.381843239068984985e-01
