3.746799528598785400e-01
-1.171557530760765076e-01
-5.048998817801475525e-02
2.507815957069396973e-01
3.220331370830535889e-01
-1.068214476108551025e-01
2.971417605876922607e-01
-4.533029347658157349e-02
6.470163166522979736e-02
-1.180734857916831970e-01
-1.866955906152725220e-01
-1.205205470323562622e-01
-1.131039857864379883e-01
3.177886009216308594e-01
-1.149444952607154846e-01
2.575837969779968262e-01
8.556124567985534668e-02
2.258251905441284180e-01
-1.016507148742675781e-01
2.545050717890262604e-02
2.645050287246704102e-01
3.444394171237945557e-01
-6.439214944839477539e-02
-1.067762002348899841e-01
3.637093352153897285e-03
3.088995814323425293e-01
3.873543739318847656e-01
-4.210406914353370667e-03
-1.191323474049568176e-01
-1.377993524074554443e-01
1.118197143077850342e-01
-7.952407002449035645e-02
-9.832320362329483032e-02
-2.368282526731491089e-02
2.584052979946136475e-01
-1.190818846225738525e-01
-8.067709207534790039e-02
-6.920530647039413452e-02
3.418149650096893311e-01
-4.803725779056549072e-01
-6.730858981609344482e-02
3.239680230617523193e-01
3.009250462055206299e-01
-1.180979162454605103e-01
3.800294399261474609e-01
2.566359937191009521e-01
-8.508084714412689209e-02
-3.818196803331375122e-02
2.671892642974853516e-01
8.875835686922073364e-03
-1.005041003227233887e-01
1.090360153466463089e-02
3.145148754119873047e-01
-7.879617065191268921e-02
2.862743735313415527e-01
-3.896639496088027954e-02
2.833086550235748291e-01
2.498549595475196838e-02
2.120824903249740601e-01
3.700394183397293091e-02
7.674920558929443359e-02
-8.266555145382881165e-03
3.542163372039794922e-01
3.559452295303344727e-01
-6.888894736766815186e-02
2.749187648296356201e-01
-7.323639094829559326e-02
-1.038261502981185913e-02
-2.774632573127746582e-01
-4.137459397315979004e-02
2.987212240695953369e-01
3.436886370182037354e-01
1.443406343460083008e-01
2.272823825478553772e-02
-6.071685627102851868e-02
4.549314826726913452e-02
3.395228087902069092e-01
-3.657909808680415154e-03
-6.665389239788055420e-02
2.723621428012847900e-01
1.104109510779380798e-01
1.092683803290128708e-02
3.330884277820587158e-01
2.516067326068878174e-01
3.497698903083801270e-02
-9.314864128828048706e-02
-6.087215617299079895e-02
-3.966507688164710999e-02
3.619526624679565430e-01
1.431896835565567017e-01
-6.407140940427780151e-02
2.228654921054840088e-01
2.121645957231521606e-01
3.432233929634094238e-01
3.357630074024200439e-01
6.582131236791610718e-02
1.041528210043907166e-01
-1.015335097908973694e-01
3.203965127468109131e-01
7.242408394813537598e-02
