-2.183683812618255615e-01
3.677774667739868164e-01
-1.348414365202188492e-02
-1.187760457396507263e-01
-5.376337096095085144e-02
-4.366083443164825439e-02
3.279440402984619141e-01
3.189026713371276855e-01
2.814701199531555176e-01
-4.515305161476135254e-03
1.484661847352981567e-01
1.536002103239297867e-02
-1.041796132922172546e-01
-1.938719116151332855e-02
-1.756120659410953522e-02
3.331759572029113770e-01
-7.880386710166931152e-02
-2.147117853164672852e-01
3.435052931308746338e-01
3.493487536907196045e-01
4.044761061668395996e-01
4.418727010488510132e-03
6.013032048940658569e-02
2.851078845560550690e-02
2.525919303297996521e-02
3.723289072513580322e-01
3.503047674894332886e-02
-1.106453835964202881e-01
-3.604692965745925903e-02
2.540966272354125977e-01
3.825566470623016357e-01
2.408430166542530060e-02
5.426420643925666809e-02
3.010058999061584473e-01
3.638558089733123779e-01
-1.237272918224334717e-01
6.448206026107072830e-03
2.318280339241027832e-01
2.857933342456817627e-01
-2.776972390711307526e-02
-2.794057503342628479e-02
4.096150994300842285e-01
2.902356684207916260e-01
1.985241658985614777e-02
-1.272122710943222046e-01
3.490607440471649170e-01
3.605047166347503662e-01
-1.245673075318336487e-01
4.133959487080574036e-02
-2.533240057528018951e-02
6.958062946796417236e-02
3.002833127975463867e-01
2.508987486362457275e-01
-7.220007479190826416e-02
-1.034769490361213684e-01
1.597160398960113525e-01
3.898188173770904541e-01
-1.618122756481170654e-01
3.368492126464843750e-01
2.641998529434204102e-01
3.032444715499877930e-01
-5.519622191786766052e-02
-7.231171429157257080e-02
-1.570951379835605621e-02
-3.623377531766891479e-02
-1.792985200881958008e-01
-1.148897185921669006e-01
-4.573951289057731628e-02
-2.711855247616767883e-02
1.947390884160995483e-01
3.890994787216186523e-01
-1.324428617954254150e-01
-4.439167678356170654e-04
2.829090952873229980e-01
4.206443428993225098e-01
2.866741716861724854e-01
4.281102120876312256e-02
-1.178978160023689270e-01
1.492434889078140259e-01
-5.458863079547882080e-02
3.020602464675903320e-01
-3.918938711285591125e-02
-3.885443881154060364e-02
-3.326928019523620605e-01
2.391047477722167969e-01
8.390080183744430542e-03
-3.462867438793182373e-02
3.645239174365997314e-01
3.938366845250129700e-02
-7.569812983274459839e-02
-5.001211166381835938e-02
3.528161942958831787e-01
3.407396748661994934e-02
-6.644635647535324097e-02
-1.109812185168266296e-01
3.163017630577087402e-01
3.712117671966552734e-01
7.288508862257003784e-02
-1.298884004354476929e-01
-5.033422261476516724e-02
