-4.592565894126892090e-01
6.011564284563064575e-02
-8.549734950065612793e-02
-6.354487687349319458e-02
-2.863291278481483459e-02
2.274707145988941193e-02
4.941838607192039490e-02
6.897401809692382812e-02
1.399639099836349487e-01
1.676288992166519165e-02
1.306128948926925659e-01
6.551348138600587845e-03
2.378978207707405090e-02
-5.894630774855613708e-02
-1.719891428947448730e-01
1.398975849151611328e-01
-7.411277294158935547e-02
-3.336742520332336426e-01
1.186273172497749329e-01
7.054340839385986328e-02
1.448726207017898560e-01
1.329743023961782455e-02
-7.310248166322708130e-02
-5.162191390991210938e-02
-7.715741638094186783e-03
9.889965504407882690e-02
6.559059955179691315e-03
5.745312571525573730e-02
-1.820580684579908848e-03
2.636714838445186615e-02
1.343629956245422363e-01
-5.911684408783912659e-02
-2.266847528517246246e-03
1.063576042652130127e-01
1.438263058662414551e-01
3.847778216004371643e-02
5.536511074751615524e-03
3.989567980170249939e-02
4.278124496340751648e-02
-5.070594325661659241e-02
-2.459960244596004486e-02
1.075156629085540771e-01
2.893554605543613434e-02
-4.364010691642761230e-02
-6.816464476287364960e-03
1.281546503305435181e-01
4.956342279911041260e-02
-6.111621856689453125e-03
-6.544145196676254272e-02
-9.056846797466278076e-02
-3.440345823764801025e-02
2.145560458302497864e-02
2.935274131596088409e-02
-5.647705122828483582e-02
-5.433359742164611816e-02
2.992921769618988037e-01
1.456346362829208374e-01
-2.450769096612930298e-01
7.338616251945495605e-02
2.339994311332702637e-01
1.783727854490280151e-02
-2.742693200707435608e-02
-9.085707366466522217e-03
-8.077676407992839813e-03
-4.111864417791366577e-02
-1.590573191642761230e-01
-1.097834389656782150e-02
5.759472842328250408e-04
-2.435724623501300812e-02
1.160754710435867310e-01
1.027889698743820190e-01
-1.241462538018822670e-03
-4.998515173792839050e-02
9.381641447544097900e-02
1.542410552501678467e-01
9.161193668842315674e-02
-3.568046493455767632e-03
-3.436567494645714760e-03
-1.385708310408517718e-04
-3.427321463823318481e-02
1.104418411850929260e-01
-7.388981059193611145e-03
5.104087758809328079e-04
-4.942595958709716797e-01
7.919317483901977539e-02
-3.537298738956451416e-02
-1.577813550829887390e-02
3.990737721323966980e-02
-5.132625252008438110e-02
-1.783296279609203339e-02
-5.383091792464256287e-02
3.250697255134582520e-01
-8.217030204832553864e-03
3.165855258703231812e-02
-4.673428460955619812e-02
7.916343957185745239e-02
2.514196187257766724e-02
-1.221115421503782272e-02
9.727179072797298431e-03
-9.193462133407592773e-02
