1.695309132337570190e-01
3.695152997970581055e-01
-6.173144653439521790e-02
2.930645048618316650e-01
9.705169498920440674e-02
2.199869789183139801e-02
9.739967435598373413e-02
-2.819972932338714600e-01
-4.613655060529708862e-02
1.063907817006111145e-01
2.944594807922840118e-02
2.805300354957580566e-01
-4.640275612473487854e-02
-4.116639494895935059e-02
-1.993476003408432007e-01
-6.717590987682342529e-02
-9.200230240821838379e-02
6.620496045798063278e-03
1.702763736248016357e-01
-1.342380642890930176e-01
-5.672031268477439880e-02
3.382978737354278564e-01
2.313081407919526100e-03
1.696113310754299164e-02
2.142566591501235962e-01
1.155536547303199768e-01
1.413397490978240967e-01
5.806096829473972321e-03
-8.475660532712936401e-02
1.460864208638668060e-02
2.316529750823974609e-01
-4.230812489986419678e-01
-1.206022351980209351e-01
2.921244129538536072e-02
-8.390647359192371368e-03
-1.661185324192047119e-01
1.083182394504547119e-01
1.038489937782287598e-01
1.295586824417114258e-01
-8.551914244890213013e-02
1.287056785076856613e-02
4.977560043334960938e-02
-4.974694922566413879e-02
-8.024722337722778320e-02
-1.306180059909820557e-01
-3.493240773677825928e-01
1.600635796785354614e-02
1.190233603119850159e-01
8.482801169157028198e-02
-7.736858725547790527e-02
-1.160060986876487732e-02
8.055748790502548218e-02
6.300666183233261108e-02
5.947430804371833801e-02
1.032203342765569687e-02
7.474984508007764816e-03
-5.056285113096237183e-02
-1.695836782455444336e-01
7.874851115047931671e-03
1.208924204111099243e-01
6.267119199037551880e-02
1.795318424701690674e-01
-1.915160715579986572e-01
-1.768035590648651123e-01
4.281634837388992310e-02
9.147897362709045410e-02
-3.552350029349327087e-02
6.181339547038078308e-02
1.516442652791738510e-02
-5.274178832769393921e-02
4.516769945621490479e-02
-2.233992889523506165e-02
-1.460016667842864990e-01
9.698659181594848633e-02
-1.315422803163528442e-01
-1.500694453716278076e-01
3.800339102745056152e-01
-1.864619203843176365e-03
7.249752432107925415e-02
-1.815342605113983154e-01
-2.794595062732696533e-01
2.217414416372776031e-02
2.988316118717193604e-01
9.501659125089645386e-02
-8.793575689196586609e-03
6.903102993965148926e-02
-1.688910871744155884e-01
-3.567711636424064636e-02
-6.485965102910995483e-02
1.427835077047348022e-01
-7.028929144144058228e-02
1.418885588645935059e-02
1.609005928039550781e-01
-5.512025579810142517e-02
-4.202984645962715149e-02
1.899844110012054443e-01
3.077291250228881836e-01
-3.650961443781852722e-02
3.863086178898811340e-02
-1.355505436658859253e-01
