2.593003809452056885e-01
-2.497999370098114014e-02
-1.180558744817972183e-02
2.617580592632293701e-01
1.739378869533538818e-01
-4.906674847006797791e-02
2.323665916919708252e-01
1.974940598011016846e-01
-3.634357824921607971e-03
3.727481067180633545e-01
-1.228846088051795959e-01
-7.915399223566055298e-02
3.293460011482238770e-01
4.474244080483913422e-03
-2.047740370035171509e-01
3.903163969516754150e-02
6.134658306837081909e-02
-1.184288337826728821e-01
-1.966183073818683624e-02
1.207100078463554382e-01
7.774686068296432495e-02
2.909972071647644043e-01
-1.257256269454956055e-01
-5.309822037816047668e-02
7.005638908594846725e-03
7.180356234312057495e-02
-4.169045016169548035e-02
1.629974842071533203e-01
-1.184438243508338928e-01
9.475589543581008911e-02
2.184081524610519409e-01
-7.740772515535354614e-02
-1.162489429116249084e-01
1.766933202743530273e-01
5.599259957671165466e-02
-5.517184361815452576e-02
6.201066449284553528e-02
2.194193899631500244e-01
8.622908592224121094e-02
8.694129437208175659e-02
7.520322501659393311e-02
1.270370185375213623e-01
1.038790121674537659e-01
3.859842196106910706e-03
1.007127575576305389e-02
-7.285513728857040405e-02
7.369275670498609543e-03
2.227913960814476013e-02
3.575995564460754395e-02
4.047736898064613342e-02
2.076463028788566589e-02
-9.314130991697311401e-02
2.558056637644767761e-02
1.158187761902809143e-01
-5.384794250130653381e-02
2.713248133659362793e-01
-3.242049366235733032e-02
1.235988456755876541e-02
-3.998364508152008057e-02
1.945472210645675659e-01
-4.889198578894138336e-03
-9.032908082008361816e-02
6.797996163368225098e-02
1.899722665548324585e-01
-6.908600032329559326e-02
2.048435062170028687e-01
-5.934832990169525146e-02
2.650134451687335968e-02
-2.172932215034961700e-02
1.843948960304260254e-01
5.560689046978950500e-02
-1.958951586857438087e-03
-7.139874249696731567e-02
-2.456961423158645630e-01
1.502983868122100830e-01
5.104898661375045776e-02
-3.940330445766448975e-02
6.337819993495941162e-02
8.826748281717300415e-02
1.207394897937774658e-01
9.795637428760528564e-02
-2.326931804418563843e-01
2.205133736133575439e-01
-6.732291728258132935e-02
3.712053410708904266e-03
1.915251314640045166e-01
4.194580391049385071e-02
2.205815166234970093e-02
-2.519816346466541290e-02
-5.407069250941276550e-02
2.083991020917892456e-01
6.753270328044891357e-02
-1.436468660831451416e-01
1.788906753063201904e-01
3.045199215412139893e-01
-8.832076191902160645e-02
-4.455962404608726501e-02
1.729976087808609009e-01
7.030076533555984497e-02
-3.975114598870277405e-02
