3.731695190072059631e-02
2.502328157424926758e-01
1.615124493837356567e-01
-1.238735392689704895e-01
3.059650957584381104e-01
2.491634339094161987e-01
2.436739206314086914e-01
2.639119327068328857e-01
-1.165264323353767395e-01
2.685651183128356934e-01
-9.678728878498077393e-02
-7.448575645685195923e-02
-8.107318729162216187e-02
7.998675107955932617e-03
2.115321159362792969e-02
-1.279311925172805786e-01
-1.161126643419265747e-01
3.190207481384277344e-01
-1.244106590747833252e-01
3.511457741260528564e-01
3.278919458389282227e-01
2.899730801582336426e-01
5.450862459838390350e-03
3.020732104778289795e-01
-3.183900937438011169e-02
3.149459064006805420e-01
3.803388178348541260e-01
1.994700133800506592e-01
4.535375535488128662e-01
4.041002690792083740e-01
-1.001680269837379456e-01
7.520837709307670593e-03
3.657053411006927490e-01
3.626357298344373703e-03
5.232439637184143066e-01
3.526912331581115723e-01
3.494648039340972900e-01
4.028733968734741211e-01
2.599735558032989502e-01
3.344968259334564209e-01
-1.040643379092216492e-01
3.408765792846679688e-01
3.006688654422760010e-01
-1.211888417601585388e-01
-9.110136330127716064e-02
3.958807289600372314e-01
2.826895117759704590e-01
1.039038598537445068e-02
3.160613356158137321e-03
-1.062129959464073181e-01
3.192956149578094482e-01
7.603346602991223335e-04
3.843026757240295410e-01
-6.137241050601005554e-02
1.935153007507324219e-01
5.090134590864181519e-02
3.340786099433898926e-01
-2.817088365554809570e-01
3.692426383495330811e-01
-9.686991572380065918e-02
-5.053730681538581848e-02
-2.490437775850296021e-01
-7.516888380050659180e-01
-1.929655373096466064e-01
3.540129065513610840e-01
-3.100017551332712173e-03
-6.026686429977416992e-01
2.695322930812835693e-01
-1.476828753948211670e-01
1.240809783339500427e-01
9.400480240583419800e-02
2.949024438858032227e-01
2.298141866922378540e-01
-5.420352220535278320e-01
2.709835469722747803e-01
-5.302828177809715271e-02
2.249599248170852661e-01
1.803564839065074921e-03
3.352825045585632324e-01
1.510493457317352295e-01
3.144766986370086670e-01
-1.265754550695419312e-01
-8.899774402379989624e-02
-1.765538752079010010e-01
6.652306020259857178e-02
3.319908678531646729e-01
2.074437886476516724e-01
2.891361117362976074e-01
-1.147922575473785400e-01
2.480733990669250488e-01
1.728453934192657471e-01
1.006829589605331421e-01
2.951172366738319397e-02
3.275813758373260498e-01
3.894872665405273438e-01
-5.918506160378456116e-02
-1.751195788383483887e-01
3.647550940513610840e-01
-5.767296999692916870e-02
1.765769720077514648e-01
