-2.210662215948104858e-01
1.527661830186843872e-02
2.584312260150909424e-01
1.760327666997909546e-01
-6.418988704681396484e-01
1.562701612710952759e-01
1.643390506505966187e-01
-7.174207270145416260e-02
2.354922294616699219e-01
1.499612927436828613e-01
1.861982606351375580e-02
1.162466313689947128e-02
-1.724257767200469971e-01
8.032419532537460327e-02
5.589637160301208496e-02
2.580238878726959229e-01
8.437629789113998413e-02
1.452058702707290649e-01
4.046349227428436279e-02
2.117270529270172119e-01
1.640691906213760376e-01
-1.844573020935058594e-02
-8.145428448915481567e-02
4.734786227345466614e-02
-1.359606236219406128e-01
2.896201610565185547e-01
1.855068802833557129e-01
6.334234774112701416e-02
-1.401063650846481323e-01
2.285332381725311279e-01
2.224597781896591187e-01
-1.403745263814926147e-01
1.192908659577369690e-01
-2.697462961077690125e-02
-8.755848556756973267e-02
-1.150755286216735840e-01
6.009567528963088989e-02
-4.060694277286529541e-01
-2.284926474094390869e-01
2.178872525691986084e-01
6.223797202110290527e-01
-3.020578809082508087e-02
1.877113729715347290e-01
-6.244488805532455444e-02
1.695305109024047852e-01
-1.147227361798286438e-01
1.832909584045410156e-01
1.832681745290756226e-01
9.403315931558609009e-02
-9.232465177774429321e-02
1.821312494575977325e-02
4.903218150138854980e-02
2.476668953895568848e-01
2.439867705106735229e-01
1.801886707544326782e-01
-9.026610851287841797e-02
2.639735341072082520e-01
-1.846096515655517578e-01
2.092580050230026245e-01
2.043639570474624634e-01
2.115101069211959839e-01
-2.772839926183223724e-02
1.602995693683624268e-01
1.515891104936599731e-01
-1.618722826242446899e-01
-8.490731567144393921e-02
1.107031106948852539e-01
2.098852843046188354e-01
1.152373254299163818e-01
-8.554198592901229858e-02
-2.992974407970905304e-02
-6.947405636310577393e-02
1.155771017074584961e-01
9.005576372146606445e-02
-1.025673151016235352e-01
2.325850129127502441e-01
-8.333294093608856201e-02
-6.414588540792465210e-02
1.658882647752761841e-01
1.866830885410308838e-01
-1.070990860462188721e-01
2.250914424657821655e-01
-4.921300709247589111e-02
-2.609455883502960205e-01
2.033837698400020599e-02
1.318365037441253662e-01
1.712505519390106201e-02
-1.237114071846008301e-01
-1.442284584045410156e-01
2.175563275814056396e-01
-5.006914213299751282e-02
2.473686784505844116e-01
5.829174071550369263e-02
1.649546176195144653e-01
2.061212956905364990e-01
1.834095120429992676e-01
1.352229528129100800e-02
-3.237770497798919678e-01
-7.302988320589065552e-02
-1.214792430400848389e-01
