-7.643496245145797729e-02
-9.452429413795471191e-02
2.425464987754821777e-02
-5.011784657835960388e-02
3.140414357185363770e-01
3.301038444042205811e-01
-9.829254448413848877e-02
3.319489955902099609e-01
3.033545613288879395e-01
-1.214806511998176575e-01
3.812836110591888428e-01
-1.097871735692024231e-01
3.318490087985992432e-01
1.848939359188079834e-01
-3.567240759730339050e-02
-3.269983828067779541e-02
3.515684902667999268e-01
-6.784140318632125854e-02
9.023624658584594727e-02
3.954496681690216064e-01
-9.987305104732513428e-02
-2.920355647802352905e-02
-1.239748969674110413e-01
2.446537604555487633e-03
-1.735410839319229126e-01
2.966504096984863281e-01
-9.140264242887496948e-02
8.348788321018218994e-02
3.550292253494262695e-01
-7.385226339101791382e-02
-1.276416331529617310e-01
-4.340361803770065308e-02
-1.164265070110559464e-02
2.195110358297824860e-02
1.054240390658378601e-01
-6.132289022207260132e-02
2.409110516309738159e-01
-9.199068695306777954e-02
2.990618944168090820e-01
-3.995800018310546875e-02
-1.154655218124389648e-01
9.254305064678192139e-02
3.070037066936492920e-01
1.471548974514007568e-01
6.107242777943611145e-03
1.814343035221099854e-02
-8.184507489204406738e-02
6.041223928332328796e-02
2.449605166912078857e-01
-3.502942249178886414e-02
3.274279832839965820e-01
3.067312836647033691e-01
-7.120633870363235474e-02
-2.694475352764129639e-01
1.629137396812438965e-01
-1.125874072313308716e-01
-8.477841317653656006e-02
-8.306159079074859619e-02
-5.768825113773345947e-02
3.156332671642303467e-01
2.623784244060516357e-01
3.869720101356506348e-01
2.124443352222442627e-01
-2.217691205441951752e-02
3.639189898967742920e-02
-4.051404595375061035e-01
3.479230701923370361e-01
3.208750784397125244e-01
3.277841806411743164e-01
2.936177328228950500e-02
-1.893807649612426758e-01
-9.722822904586791992e-02
1.574632227420806885e-01
4.298975467681884766e-01
-1.979060238227248192e-03
3.242655992507934570e-01
-1.472584307193756104e-01
-4.701039567589759827e-02
6.424506753683090210e-02
1.210173964500427246e-02
-3.194587528705596924e-01
3.014601767063140869e-01
-3.053626790642738342e-02
2.703233659267425537e-01
1.919375061988830566e-01
7.664684671908617020e-03
2.898330986499786377e-01
4.148726165294647217e-01
1.248522922396659851e-01
4.114415496587753296e-02
3.542037308216094971e-01
-1.051162555813789368e-01
2.746960818767547607e-01
3.866591155529022217e-01
1.768547855317592621e-02
-1.446142345666885376e-01
-1.426632851362228394e-01
-1.297321915626525879e-01
3.993067145347595215e-01
-1.153974905610084534e-01
