-1.340753491967916489e-02
-4.066614061594009399e-02
-6.298197060823440552e-02
-3.983180224895477295e-02
3.697513788938522339e-02
9.641160815954208374e-02
-4.026220738887786865e-02
8.489814400672912598e-02
6.624872982501983643e-02
-5.221070721745491028e-02
6.349407881498336792e-02
-8.218817412853240967e-03
9.478762000799179077e-02
1.819521635770797729e-01
3.060535788536071777e-01
-3.300423622131347656e-01
1.143617630004882812e-01
-7.534230593591928482e-03
-4.893027544021606445e-01
1.148621812462806702e-01
-2.547054179012775421e-02
-7.426750659942626953e-02
8.772456087172031403e-03
-1.897826045751571655e-02
9.045076370239257812e-01
1.103838905692100525e-01
7.061538286507129669e-03
-2.203921042382717133e-02
2.988819591701030731e-02
-4.873438552021980286e-02
2.728375047445297241e-02
-2.179533988237380981e-02
-5.476027354598045349e-02
-2.399338409304618835e-02
-1.169907972216606140e-01
-4.740839451551437378e-02
6.564091891050338745e-02
-2.811139449477195740e-02
4.184826463460922241e-02
8.631404489278793335e-03
1.352584175765514374e-02
3.265008032321929932e-01
6.738705933094024658e-02
1.570399734191596508e-03
6.551424860954284668e-01
1.410492230206727982e-02
-3.457042574882507324e-02
1.594116538763046265e-01
8.815457671880722046e-02
2.006594389677047729e-01
7.845472544431686401e-02
7.053155452013015747e-02
-2.132265269756317139e-02
-2.289454191923141479e-01
-4.563305154442787170e-02
1.821352355182170868e-02
-4.215155169367790222e-02
-2.928259409964084625e-02
-3.910941630601882935e-02
1.327247824519872665e-02
6.125148758292198181e-02
1.295788437128067017e-01
1.335593909025192261e-01
-5.569393932819366455e-02
-1.206440106034278870e-02
-6.111338138580322266e-01
3.235931694507598877e-02
4.929434880614280701e-02
9.921474754810333252e-02
-4.343361780047416687e-02
-5.716996192932128906e-01
2.893767133355140686e-02
1.222587898373603821e-01
1.455451995134353638e-01
-5.622487142682075500e-02
7.111919671297073364e-02
-1.184981837868690491e-01
2.094010636210441589e-02
-4.729902148246765137e-01
7.558966521173715591e-03
-3.359502255916595459e-01
3.541732579469680786e-02
2.963084913790225983e-02
5.031798779964447021e-02
2.273804973810911179e-03
5.737296771258115768e-03
8.667472004890441895e-02
1.005963310599327087e-01
1.227742955088615417e-01
-4.094632342457771301e-02
1.054646894335746765e-01
-4.530936852097511292e-02
7.950458675622940063e-02
7.397462427616119385e-02
-7.319451868534088135e-02
-2.272034138441085815e-01
-2.496799826622009277e-01
3.116829320788383484e-02
1.228333264589309692e-01
-6.962152570486068726e-02
