7.918249815702438354e-02
4.352727532386779785e-02
6.627588719129562378e-02
1.316988766193389893e-01
1.893594115972518921e-01
-1.740609556436538696e-01
1.152473734691739082e-03
8.347058296203613281e-02
1.126259714365005493e-01
1.215472146868705750e-01
8.865323662757873535e-02
-8.044096082448959351e-02
1.878517419099807739e-01
9.059053845703601837e-03
1.424840837717056274e-01
2.186468094587326050e-01
6.263460218906402588e-02
1.021770462393760681e-01
1.397093981504440308e-01
1.372680813074111938e-01
-7.171492278575897217e-02
-2.117815054953098297e-02
8.721441030502319336e-02
6.596973631531000137e-03
5.571259185671806335e-02
9.611931443214416504e-02
-1.957829743623733521e-01
-4.165147896856069565e-03
1.094034686684608459e-01
8.113645948469638824e-03
1.195148676633834839e-01
-5.083435773849487305e-02
4.309980571269989014e-02
-3.511551618576049805e-01
5.691730603575706482e-02
-2.454601377248764038e-01
1.941336095333099365e-01
-6.277785450220108032e-02
9.045686572790145874e-02
2.470728605985641479e-01
2.707371115684509277e-01
-1.403513699769973755e-01
1.700457930564880371e-01
-2.894525416195392609e-03
9.346758574247360229e-02
-4.802403226494789124e-02
-9.352733939886093140e-02
-2.374891564249992371e-02
8.667235821485519409e-02
-8.986366540193557739e-02
-1.235655546188354492e-01
1.757706552743911743e-01
1.834217160940170288e-01
1.669952273368835449e-01
1.801722496747970581e-01
3.092797696590423584e-01
-3.525301581248641014e-03
2.631022334098815918e-01
5.163786932826042175e-02
1.791017651557922363e-01
2.464864589273929596e-02
1.288870126008987427e-01
-5.809995159506797791e-02
2.368845045566558838e-01
-5.022767186164855957e-02
-1.658181697130203247e-01
2.131563872098922729e-01
3.342736512422561646e-02
-2.027004584670066833e-02
2.935533225536346436e-01
-9.303963929414749146e-02
-1.327209472656250000e-01
-7.490190118551254272e-02
-1.017719730734825134e-01
1.495455484837293625e-02
-1.055770367383956909e-01
-2.041405886411666870e-01
-7.059738039970397949e-02
1.635337807238101959e-02
7.161147892475128174e-02
-1.907756626605987549e-01
-1.916237920522689819e-01
-5.762955918908119202e-02
1.401283740997314453e-01
-9.418248385190963745e-02
3.382608667016029358e-02
-6.862960755825042725e-02
-3.210514783859252930e-01
1.451970636844635010e-01
1.379946917295455933e-01
1.586942225694656372e-01
-3.286417722702026367e-01
-5.230480059981346130e-02
-1.022591292858123779e-01
-2.210521837696433067e-03
9.466286748647689819e-02
-8.068978041410446167e-02
1.571095436811447144e-01
-2.631034851074218750e-01
1.079439967870712280e-01
