2.622592747211456299e-01
3.042602539062500000e-01
1.167422682046890259e-01
2.550368309020996094e-01
-1.448979526758193970e-01
3.595980107784271240e-01
1.890565827488899231e-02
1.861353218555450439e-01
2.582405209541320801e-01
3.012922108173370361e-01
2.306956648826599121e-01
-1.056650653481483459e-01
2.644796669483184814e-01
2.445401400327682495e-01
-1.058289855718612671e-01
-1.591455191373825073e-01
1.581281796097755432e-02
-1.068839505314826965e-01
-1.563394218683242798e-01
1.814896017313003540e-01
-4.562188684940338135e-01
2.553555369377136230e-01
2.804789133369922638e-02
2.281676679849624634e-01
-1.157304495573043823e-01
7.074230164289474487e-02
1.621281914412975311e-02
-2.904865443706512451e-01
1.011139806360006332e-02
3.135509192943572998e-01
5.068512558937072754e-01
-9.945146739482879639e-02
-8.143379539251327515e-02
-1.389962583780288696e-01
2.512642443180084229e-01
-1.536820381879806519e-01
-1.293353140354156494e-01
2.847465276718139648e-01
-7.281187921762466431e-03
-1.092722043395042419e-01
-6.697168201208114624e-02
3.030915260314941406e-01
1.994586735963821411e-01
-2.270729839801788330e-02
-1.823314130306243896e-01
-1.181914135813713074e-01
-2.254911065101623535e-01
-8.265426754951477051e-02
-8.820212632417678833e-02
-8.360793441534042358e-02
-1.731618307530879974e-02
-5.079531073570251465e-01
6.470694206655025482e-03
-8.028295636177062988e-02
-9.502781182527542114e-02
-7.921719551086425781e-02
3.382322788238525391e-01
-3.564215004444122314e-01
2.541359961032867432e-01
5.788161978125572205e-02
3.095241487026214600e-01
1.213020551949739456e-02
-2.608743309974670410e-01
2.434122413396835327e-01
1.096418797969818115e-01
1.133667826652526855e-01
3.046217560768127441e-01
-2.578699290752410889e-01
-6.170698627829551697e-02
2.196181863546371460e-01
2.509829699993133545e-01
3.787374868988990784e-02
-6.786814332008361816e-02
1.449983716011047363e-01
1.514742374420166016e-01
-6.458568572998046875e-02
2.731388211250305176e-01
-1.312708109617233276e-01
-1.351876705884933472e-01
-1.100320741534233093e-01
2.511125504970550537e-01
-1.867083609104156494e-01
-1.211889311671257019e-01
2.315387725830078125e-01
3.274531364440917969e-01
-1.069053411483764648e-01
2.601544260978698730e-01
-1.040200963616371155e-01
5.007695406675338745e-02
7.340012490749359131e-02
2.731369435787200928e-01
-2.427790872752666473e-02
-5.171279609203338623e-02
2.080578915774822235e-02
-3.034657537937164307e-01
-5.667017027735710144e-02
5.067552905529737473e-03
3.720984458923339844e-01
3.034119904041290283e-01
-4.348640888929367065e-02
