-8.837516605854034424e-02
1.604551076889038086e-01
1.402772031724452972e-02
3.082188665866851807e-01
-2.104807496070861816e-01
-7.646701484918594360e-02
-9.884629398584365845e-02
1.944185048341751099e-01
-6.932443473488092422e-03
1.714638769626617432e-01
-1.465627253055572510e-01
-2.040404826402664185e-02
9.811200201511383057e-02
-5.906332284212112427e-02
9.165661036968231201e-02
-7.907295972108840942e-02
1.880578324198722839e-02
9.764581918716430664e-02
8.071438223123550415e-02
1.279040705412626266e-02
-1.254539191722869873e-01
1.542340149171650410e-03
4.134282842278480530e-02
1.381180714815855026e-02
8.056728169322013855e-03
2.603946626186370850e-01
-7.715670764446258545e-02
-9.261535853147506714e-02
-3.301684930920600891e-02
1.666283756494522095e-01
3.186542540788650513e-02
-1.099430769681930542e-02
2.546023726463317871e-01
-1.939597874879837036e-01
-4.405415430665016174e-02
3.906910866498947144e-02
6.867569871246814728e-03
-1.429680502042174339e-03
5.078652407974004745e-03
-1.863864213228225708e-01
1.332642287015914917e-01
-2.359958589076995850e-01
2.431478947401046753e-01
1.891685128211975098e-01
7.887956500053405762e-02
-4.844107851386070251e-02
-4.198678582906723022e-02
-3.810745105147361755e-02
-1.010060459375381470e-01
-9.332913160324096680e-02
-2.372068725526332855e-02
1.104828417301177979e-01
1.702497750520706177e-01
2.402049861848354340e-02
5.966842547059059143e-02
7.308021932840347290e-02
1.679718494415283203e-01
2.403378784656524658e-01
1.287621408700942993e-01
-2.036695741117000580e-02
8.723592013120651245e-02
7.567956298589706421e-02
1.752431094646453857e-01
1.655266880989074707e-01
9.172663558274507523e-04
-1.396794319152832031e-01
-1.841629296541213989e-02
8.344831317663192749e-02
2.038089185953140259e-01
1.583699136972427368e-01
1.077267006039619446e-01
-6.430738419294357300e-02
-1.027516946196556091e-01
2.559241652488708496e-01
-9.711642749607563019e-03
1.499721556901931763e-01
-9.792808850761502981e-05
2.770239114761352539e-01
-8.594789355993270874e-02
-1.303955614566802979e-01
-5.108273401856422424e-02
2.092056907713413239e-02
1.150882393121719360e-01
1.208473592996597290e-01
4.017798975110054016e-02
9.429393708705902100e-02
-4.189235344529151917e-02
-2.487631887197494507e-01
1.687359958887100220e-01
-1.953577250242233276e-02
-5.565593019127845764e-02
-9.538045525550842285e-02
-1.669623404741287231e-01
2.252867519855499268e-01
-1.015012338757514954e-01
-3.061622940003871918e-02
-7.079149037599563599e-02
9.597760438919067383e-02
2.968533337116241455e-01
1.844321936368942261e-02
