-5.070944130420684814e-02
3.102201819419860840e-01
-5.525342375040054321e-02
1.976100951433181763e-01
3.337189853191375732e-01
1.564207300543785095e-02
-1.225843057036399841e-01
3.258259594440460205e-01
2.534827888011932373e-01
2.138114720582962036e-01
6.535267233848571777e-01
-9.979066997766494751e-02
-8.667915314435958862e-02
1.852699071168899536e-01
3.399735316634178162e-02
2.533547282218933105e-01
3.099191486835479736e-01
1.818378120660781860e-01
2.465477436780929565e-01
3.192628026008605957e-01
-4.040244221687316895e-02
2.733138203620910645e-01
-9.596681594848632812e-02
-1.295534819364547729e-01
-5.628929287195205688e-02
-4.711367562413215637e-02
3.497305884957313538e-02
-4.724676534533500671e-02
6.932093948125839233e-02
-1.014617830514907837e-01
-1.178727746009826660e-01
-7.669757306575775146e-02
3.061265051364898682e-01
-4.680050909519195557e-02
2.366614937782287598e-01
1.070800703018903732e-02
-7.261781394481658936e-02
-1.106611192226409912e-01
1.418168097734451294e-01
1.012521833181381226e-01
-1.156814098358154297e-01
2.178681315854191780e-03
3.355560600757598877e-01
2.825254499912261963e-01
-7.409152388572692871e-02
-2.430554479360580444e-01
2.102266550064086914e-01
-1.317612081766128540e-01
2.994250059127807617e-01
-7.661689817905426025e-02
1.114633306860923767e-01
2.666350007057189941e-01
1.902370005846023560e-01
2.129947096109390259e-01
-1.054656729102134705e-01
3.060149848461151123e-01
-1.386663317680358887e-01
2.093838155269622803e-01
-4.340485483407974243e-02
2.650770246982574463e-01
-2.967112883925437927e-02
3.058771491050720215e-01
-1.061552911996841431e-01
2.615303397178649902e-01
-9.660647064447402954e-02
2.023857831954956055e-01
-1.305304933339357376e-02
2.589336410164833069e-02
-1.644894108176231384e-02
2.347489148378372192e-01
-1.594181656837463379e-01
-5.708925724029541016e-01
2.527438402175903320e-01
2.304268330335617065e-01
3.194928765296936035e-01
2.913042902946472168e-01
2.720044553279876709e-01
3.169111907482147217e-01
-1.480427086353302002e-01
-2.544221282005310059e-01
-6.434972584247589111e-02
-5.707796663045883179e-02
-1.465928405523300171e-01
2.377153784036636353e-01
-1.405435502529144287e-01
-1.884394437074661255e-01
2.245133221149444580e-01
-2.884901501238346100e-02
-1.186045408248901367e-01
-1.306774746626615524e-02
5.145601034164428711e-01
2.214324474334716797e-01
9.894496947526931763e-02
2.844692468643188477e-01
1.530604064464569092e-01
-1.208913102746009827e-01
1.862137466669082642e-01
-2.548027932643890381e-01
2.892497479915618896e-01
-8.907283097505569458e-02
