3.058501183986663818e-01
9.323307871818542480e-02
-1.738094724714756012e-02
8.496809750795364380e-02
1.209139823913574219e-01
1.814126782119274139e-02
-2.983601391315460205e-01
5.967592447996139526e-02
9.083842486143112183e-02
8.127384632825851440e-02
4.749366641044616699e-01
-6.458898633718490601e-02
-1.988436728715896606e-01
7.031340897083282471e-02
-6.392413750290870667e-03
5.658582970499992371e-02
3.588769957423210144e-02
7.274837791919708252e-02
2.071571908891201019e-02
5.076998472213745117e-02
2.486065961420536041e-02
8.401624113321304321e-02
-5.938646569848060608e-02
2.747916057705879211e-02
-3.147558569908142090e-01
-2.477227598428726196e-01
1.609957665205001831e-01
-1.236660405993461609e-01
7.482267171144485474e-02
-2.539329826831817627e-01
-3.204869478940963745e-02
-6.582276895642280579e-03
3.320664539933204651e-02
2.298194766044616699e-01
9.372612833976745605e-02
1.001472398638725281e-02
-7.035578042268753052e-02
-1.735991053283214569e-02
1.665312796831130981e-02
4.816212691366672516e-03
-1.424018591642379761e-01
3.383185830898582935e-04
1.309466809034347534e-01
6.789965182542800903e-02
5.119394045323133469e-03
-1.975702792406082153e-01
5.432189255952835083e-02
-3.331362307071685791e-01
1.223882138729095459e-01
-4.387537539005279541e-01
1.139133330434560776e-02
4.186642542481422424e-02
9.593869000673294067e-02
9.882193990051746368e-03
-4.611135926097631454e-03
6.209606677293777466e-02
-2.765060067176818848e-01
6.350175943225622177e-03
-1.916726976633071899e-01
1.340019237250089645e-02
-3.299274295568466187e-02
8.006028831005096436e-02
-5.396566167473793030e-02
1.251000910997390747e-01
3.083071410655975342e-01
6.301880627870559692e-02
-1.213538497686386108e-01
6.993523333221673965e-03
-1.471978127956390381e-01
6.987094879150390625e-02
-2.553315758705139160e-01
-5.968296527862548828e-01
1.438356786966323853e-01
1.653278917074203491e-01
7.079389691352844238e-02
7.889387011528015137e-02
2.211481630802154541e-01
9.277383983135223389e-02
-2.125420570373535156e-01
-3.495855033397674561e-01
-4.302970774006098509e-04
-1.532931346446275711e-02
-2.770869433879852295e-01
4.848190024495124817e-02
-2.773742377758026123e-01
-3.053434789180755615e-01
1.102930307388305664e-01
-4.563177004456520081e-02
1.576709747314453125e-02
-2.995931506156921387e-01
3.038851916790008545e-01
7.819423824548721313e-02
2.623726800084114075e-02
8.547779172658920288e-02
1.871920190751552582e-02
-6.081347540020942688e-02
4.097103606909513474e-03
-1.834443658590316772e-01
8.031243085861206055e-02
-3.992500901222229004e-02
