3.234771788120269775e-01
2.672058343887329102e-01
4.430241137742996216e-02
3.178312778472900391e-01
3.716619312763214111e-02
-1.579547673463821411e-01
-1.344914436340332031e-01
2.617073953151702881e-01
-9.774217009544372559e-02
7.841386646032333374e-02
3.207497298717498779e-01
3.697598576545715332e-01
3.776295781135559082e-01
2.576510906219482422e-01
2.649106681346893311e-01
-9.408683329820632935e-02
-1.251268535852432251e-01
-3.753036633133888245e-02
3.878251314163208008e-01
5.104963481426239014e-02
-3.713214695453643799e-01
3.277354240417480469e-01
-5.592134967446327209e-02
3.668275773525238037e-01
1.625192165374755859e-01
-5.280580371618270874e-02
2.045211642980575562e-01
2.871722579002380371e-01
3.585853278636932373e-01
3.054552674293518066e-01
3.314278721809387207e-01
3.955172896385192871e-01
3.548788130283355713e-01
3.565104603767395020e-01
-2.764003276824951172e-01
-1.203785836696624756e-01
-3.143159747123718262e-01
-9.953896701335906982e-02
3.298804461956024170e-01
3.556876182556152344e-01
4.357464984059333801e-02
3.475200235843658447e-01
3.577018082141876221e-01
3.425463438034057617e-01
-7.337979227304458618e-02
3.901534080505371094e-01
-6.212871894240379333e-02
-9.495843201875686646e-02
2.985842823982238770e-01
-7.684300094842910767e-02
1.536110229790210724e-02
2.098493725061416626e-01
3.401557356119155884e-02
2.555642724037170410e-01
3.788755238056182861e-01
1.542216092348098755e-01
-3.417512029409408569e-02
-8.425100892782211304e-02
3.550456166267395020e-01
3.232769072055816650e-01
-4.540977254509925842e-02
-4.302706718444824219e-01
3.631710708141326904e-01
-9.110189974308013916e-02
1.995235830545425415e-01
2.470831759274005890e-02
2.515800595283508301e-01
-1.066152527928352356e-01
2.482995837926864624e-01
3.956768214702606201e-01
-6.637834757566452026e-02
-1.049305796623229980e-01
-1.230266690254211426e-01
3.745670020580291748e-01
3.240286707878112793e-01
-2.043616492301225662e-03
-8.727275580167770386e-02
2.790273427963256836e-01
4.604964051395654678e-03
2.760629951953887939e-01
1.188822370022535324e-02
2.055272608995437622e-01
-8.019021898508071899e-02
2.133089601993560791e-01
2.869666814804077148e-01
4.507064819335937500e-02
-3.063472211360931396e-01
-1.257055997848510742e-01
-1.246445626020431519e-01
3.815183341503143311e-01
-7.846627384424209595e-02
-2.124940790235996246e-02
4.721358790993690491e-02
2.874546051025390625e-01
3.930360972881317139e-01
-8.537384867668151855e-02
-1.328703314065933228e-01
-1.283120065927505493e-01
-1.521702948957681656e-02
3.086406290531158447e-01
