5.364531651139259338e-02
7.917114347219467163e-02
-2.720044553279876709e-02
8.933915942907333374e-02
1.093585230410099030e-02
-1.494704633951187134e-01
-2.069339854642748833e-03
1.047720611095428467e-01
-4.577475413680076599e-02
2.586584724485874176e-02
1.434961408376693726e-01
3.181650936603546143e-01
1.430097073316574097e-01
9.118111431598663330e-02
5.583328381180763245e-02
-1.788619905710220337e-02
-1.896521262824535370e-02
-1.881567761301994324e-02
1.257282942533493042e-01
-3.749499842524528503e-02
-5.724720358848571777e-01
8.328086882829666138e-02
2.707349322736263275e-02
1.091686785221099854e-01
2.353951334953308105e-01
-3.842278616502881050e-03
4.299531504511833191e-02
6.649205088615417480e-02
6.827409565448760986e-02
1.212487444281578064e-01
1.138122752308845520e-01
1.114457324147224426e-01
4.055094718933105469e-02
1.480007171630859375e-01
-2.590844333171844482e-01
-2.819955116137862206e-03
-7.596742361783981323e-02
1.615100353956222534e-02
6.929840892553329468e-02
1.257000118494033813e-01
1.242630090564489365e-02
1.018229052424430847e-01
8.867914229631423950e-02
9.645320475101470947e-02
-5.492609925568103790e-03
4.110586345195770264e-01
-2.606794238090515137e-02
1.689053326845169067e-02
8.532259613275527954e-02
5.113472696393728256e-03
-1.846324279904365540e-02
5.504661425948143005e-02
-1.039292290806770325e-02
5.602462962269783020e-02
1.534266024827957153e-01
-1.962614059448242188e-01
-3.503871848806738853e-03
-1.132320985198020935e-02
1.289938390254974365e-01
1.205849274992942810e-01
-5.217949859797954559e-03
-8.889384269714355469e-01
1.252667456865310669e-01
1.804943778552114964e-03
6.571676582098007202e-02
3.066504895687103271e-01
1.092892661690711975e-01
7.556600123643875122e-02
2.766039371490478516e-01
1.589640527963638306e-01
-6.051494553685188293e-02
3.548382520675659180e-01
-5.829295888543128967e-02
6.426187604665756226e-02
7.521278411149978638e-02
-4.909519106149673462e-03
2.388048730790615082e-02
1.607850641012191772e-01
-3.366125375032424927e-02
1.321863941848278046e-02
-2.708452520892024040e-03
4.845603927969932556e-02
-5.883015319705009460e-02
1.621720194816589355e-02
6.947977095842361450e-02
-4.394354671239852905e-02
-3.055372238159179688e-01
-5.731740593910217285e-02
-1.873965188860893250e-02
9.905751794576644897e-02
-1.827183924615383148e-02
-2.223701924085617065e-01
-1.002363488078117371e-02
4.189101979136466980e-02
1.340755224227905273e-01
-1.843347847461700439e-01
-6.720031052827835083e-02
5.998991429805755615e-02
1.259997393935918808e-02
1.070363149046897888e-01
