1.819581389427185059e-01
-1.020736545324325562e-01
-1.028676852583885193e-01
4.021483659744262695e-01
-5.097894743084907532e-02
-6.541067361831665039e-02
8.602049201726913452e-03
-1.350649446249008179e-01
-5.848100408911705017e-02
-1.875795572996139526e-01
2.720678150653839111e-01
-1.440480500459671021e-01
1.747668385505676270e-01
3.785587549209594727e-01
2.032798379659652710e-01
3.674940392374992371e-02
7.250191271305084229e-02
2.547651529312133789e-02
7.307437062263488770e-02
-5.291000753641128540e-02
1.235158592462539673e-01
-9.090865030884742737e-03
2.252817153930664062e-01
-3.034554794430732727e-02
1.123772654682397842e-02
-6.639173626899719238e-02
6.976318359375000000e-02
3.454055637121200562e-02
1.949348673224449158e-02
-4.999910481274127960e-03
-2.070569396018981934e-01
7.616385817527770996e-02
-1.420870609581470490e-02
-3.536048829555511475e-01
9.234583377838134766e-02
-7.032210007309913635e-03
3.552735149860382080e-01
-1.966544389724731445e-01
4.255477711558341980e-02
1.566079705953598022e-01
1.044332459568977356e-01
1.804477125406265259e-01
1.480447128415107727e-02
1.547386795282363892e-01
3.581106290221214294e-02
1.187998801469802856e-01
8.173178881406784058e-03
1.695084124803543091e-01
3.987339511513710022e-02
1.071501374244689941e-01
1.886487305164337158e-01
3.184693753719329834e-01
-1.175613403320312500e-01
-6.685949116945266724e-02
3.619898855686187744e-01
1.198563799262046814e-01
-2.476854026317596436e-01
-9.129959344863891602e-02
1.980979368090629578e-02
2.493201196193695068e-01
-3.807048872113227844e-02
-3.105219081044197083e-02
-3.169961646199226379e-02
9.377862513065338135e-02
1.532203424721956253e-02
4.894043132662773132e-02
2.304700911045074463e-01
1.140237823128700256e-01
-9.316880255937576294e-02
4.059010446071624756e-01
1.618170589208602905e-01
1.130462214350700378e-01
-9.629695117473602295e-02
8.039517700672149658e-02
-7.272819429636001587e-02
1.061391159892082214e-01
4.599971696734428406e-02
-4.136133193969726562e-02
-7.480055838823318481e-02
-1.553548574447631836e-01
7.676643878221511841e-02
-6.349520385265350342e-02
3.133845627307891846e-01
1.407040655612945557e-01
-2.367905378341674805e-01
-6.527960300445556641e-02
8.764059096574783325e-02
-2.687175571918487549e-02
2.904018014669418335e-02
-2.102971263229846954e-02
-2.001362293958663940e-02
2.049791216850280762e-01
8.268184959888458252e-02
3.051364719867706299e-01
-1.409615874290466309e-01
2.945514023303985596e-01
-9.754996001720428467e-02
-1.637520492076873779e-01
3.159562647342681885e-01
-2.625452280044555664e-01
