1.443485170602798462e-01
1.633685431443154812e-03
6.245241686701774597e-02
5.909185484051704407e-02
-1.161397714167833328e-02
-1.565835326910018921e-01
-5.927744507789611816e-02
9.980696439743041992e-02
-1.823457777500152588e-01
-3.665203228592872620e-02
1.773897558450698853e-02
1.053394526243209839e-01
-5.371012911200523376e-02
5.672102048993110657e-02
-5.524955689907073975e-02
6.627058982849121094e-02
-1.849054843187332153e-01
-7.011812925338745117e-02
-1.530225872993469238e-01
2.497053444385528564e-01
7.872177660465240479e-02
8.011911809444427490e-02
1.379439532756805420e-01
-2.166620790958404541e-01
1.759705692529678345e-02
2.249208986759185791e-01
1.849650219082832336e-02
-4.075322300195693970e-03
1.012324765324592590e-01
-1.138655170798301697e-01
6.035903003066778183e-03
2.600768953561782837e-02
1.320574134588241577e-01
2.287072539329528809e-01
1.666024178266525269e-01
-1.402736455202102661e-01
-4.720027372241020203e-02
3.789178133010864258e-01
7.646070420742034912e-02
2.294478714466094971e-01
2.270889729261398315e-01
1.877774596214294434e-01
1.675291359424591064e-02
1.056516543030738831e-01
3.941685855388641357e-01
2.134285569190979004e-01
2.656213641166687012e-01
-3.891335800290107727e-02
1.219266653060913086e-01
3.402829170227050781e-02
7.136094849556684494e-03
2.774198055267333984e-01
-2.267856448888778687e-01
-1.287233084440231323e-01
5.144011974334716797e-02
2.875822968780994415e-02
1.475575417280197144e-01
-2.562623471021652222e-02
-2.524273656308650970e-02
-1.414163038134574890e-02
-2.324981242418289185e-01
-4.304403066635131836e-02
-1.117797102779150009e-02
1.720172818750143051e-03
-1.626997441053390503e-02
2.471871376037597656e-01
9.553920477628707886e-02
6.769799441099166870e-02
-1.172158420085906982e-01
-3.588460758328437805e-02
-6.786594539880752563e-02
1.578264385461807251e-01
6.558444350957870483e-02
-1.249163225293159485e-01
3.604203462600708008e-02
7.041075080633163452e-02
5.809929966926574707e-02
1.770506501197814941e-01
1.229785755276679993e-01
1.767889261245727539e-01
1.087444350123405457e-01
1.412680596113204956e-01
2.139650285243988037e-02
1.215393617749214172e-01
2.897141277790069580e-01
3.406190276145935059e-01
2.773101627826690674e-01
9.245217591524124146e-02
5.069449916481971741e-02
4.372911527752876282e-03
-2.345152050256729126e-01
1.892752759158611298e-02
-8.113376796245574951e-02
-7.762538269162178040e-03
4.270003363490104675e-02
6.277559790760278702e-03
8.375300467014312744e-02
-3.665955737233161926e-02
8.029083907604217529e-02
-4.471895843744277954e-02
