3.704179227352142334e-01
-5.994449928402900696e-02
4.918880015611648560e-02
1.910250037908554077e-01
1.594577729701995850e-02
1.967899054288864136e-01
-7.071513682603836060e-02
-1.750207245349884033e-01
7.548900693655014038e-02
4.396940171718597412e-01
-4.181363061070442200e-02
-1.592351496219635010e-01
3.226546347141265869e-01
4.548757374286651611e-01
2.156604826450347900e-02
1.343085467815399170e-01
-7.935500890016555786e-02
-1.210246458649635315e-01
8.889104425907135010e-02
-4.189155399799346924e-01
-8.345616608858108521e-02
1.142968609929084778e-01
2.729615755379199982e-02
-1.368352025747299194e-01
-3.926530852913856506e-02
8.832837641239166260e-02
1.995287090539932251e-02
5.950112268328666687e-02
-7.886926829814910889e-02
1.696431934833526611e-01
2.226797640323638916e-01
5.419044941663742065e-02
2.027697116136550903e-02
-8.329010009765625000e-02
8.348293602466583252e-02
3.548359498381614685e-02
4.424739480018615723e-01
3.317050039768218994e-01
8.512273430824279785e-02
-2.020186372101306915e-02
-6.660804897546768188e-02
-2.579854987561702728e-02
1.792470514774322510e-01
-1.673392057418823242e-01
3.236797079443931580e-02
1.972481459379196167e-01
4.009865224361419678e-01
3.322294652462005615e-01
2.891117930412292480e-01
3.249289467930793762e-02
-1.787116378545761108e-01
1.550759375095367432e-01
-6.653716415166854858e-02
2.271235585212707520e-01
6.049696356058120728e-02
-1.586702018976211548e-01
-4.550074785947799683e-02
-1.262349188327789307e-01
1.172276400029659271e-02
1.096609011292457581e-01
-6.251958757638931274e-02
3.556204959750175476e-02
-2.688812278211116791e-02
-2.936839498579502106e-02
-1.257719248533248901e-01
2.096498012542724609e-01
7.160901278257369995e-02
-8.954426646232604980e-02
-2.454221397638320923e-01
-5.978512018918991089e-02
-1.665035933256149292e-01
-8.101631700992584229e-02
3.650787770748138428e-01
7.779179513454437256e-02
-8.606798015534877777e-03
6.944519281387329102e-02
3.231115639209747314e-01
-1.285394579172134399e-01
1.779067516326904297e-01
-4.360988736152648926e-03
3.883663937449455261e-02
-1.542081981897354126e-01
-6.309960782527923584e-02
-3.825858980417251587e-02
5.942962691187858582e-02
5.471073091030120850e-03
-3.765032440423965454e-02
-2.088516391813755035e-02
-1.973447054624557495e-01
-4.175920970737934113e-03
3.069431148469448090e-02
1.815672814846038818e-01
2.273643948137760162e-02
-7.899042218923568726e-02
-1.525111496448516846e-02
1.151050776243209839e-01
3.746855258941650391e-01
3.143401071429252625e-02
-2.540263347327709198e-02
4.365061223506927490e-01
