-2.512403428554534912e-01
1.504821330308914185e-02
-1.240854244679212570e-02
1.221865043044090271e-01
-3.955790400505065918e-02
-1.807866245508193970e-02
-4.125957489013671875e-01
7.952824234962463379e-02
1.832589623518288136e-03
8.361452259123325348e-03
1.263502240180969238e-01
-2.527321875095367432e-01
-1.273582875728607178e-02
3.865126147866249084e-02
1.054392755031585693e-01
-2.227205224335193634e-02
9.840696305036544800e-02
1.268537044525146484e-01
-1.127831861376762390e-01
6.691678613424301147e-02
-3.676714301109313965e-01
1.283934265375137329e-01
7.666467130184173584e-02
-2.522498071193695068e-01
6.202168762683868408e-03
1.764374971389770508e-01
5.275047421455383301e-01
1.664434559643268585e-02
4.803362861275672913e-02
-3.753684461116790771e-02
1.083084046840667725e-01
7.812935858964920044e-03
-5.912678316235542297e-02
7.030231505632400513e-02
5.533522367477416992e-01
1.954388990998268127e-02
-4.385913722217082977e-03
-7.075228542089462280e-02
-2.568632662296295166e-01
-3.975898399949073792e-02
8.465268462896347046e-02
-3.378194198012351990e-02
-4.277702048420906067e-02
1.277208328247070312e-01
1.064933091402053833e-01
-2.565334178507328033e-02
6.911929813213646412e-04
1.188270077109336853e-01
-8.236343413591384888e-02
4.867658950388431549e-03
-1.041184179484844208e-02
3.013177542015910149e-03
-7.822493463754653931e-02
1.011397019028663635e-01
-6.903117988258600235e-03
2.646425180137157440e-02
-3.319528400897979736e-01
-1.600787341594696045e-01
2.040465362370014191e-02
-1.988422498106956482e-02
9.778194129467010498e-02
1.383381932973861694e-01
-2.297773258760571480e-03
3.648939542472362518e-03
-1.711689680814743042e-02
3.115543862804770470e-03
6.579456478357315063e-02
3.119207918643951416e-03
-2.726658582687377930e-01
1.173104718327522278e-01
1.705890521407127380e-02
6.386511772871017456e-02
-2.688989788293838501e-02
-5.258526653051376343e-02
-1.317498367279767990e-02
1.660771369934082031e-01
2.221629209816455841e-02
2.063730359077453613e-02
7.830804586410522461e-02
2.507161796092987061e-01
-2.164262346923351288e-02
-5.083247646689414978e-02
-1.154794171452522278e-02
-2.720077633857727051e-01
2.160314656794071198e-02
-1.432416122406721115e-02
9.497432410717010498e-02
9.773971885442733765e-02
9.953635744750499725e-03
-1.765277050435543060e-02
-2.463237196207046509e-01
-1.837314963340759277e-01
5.631418898701667786e-02
2.565768919885158539e-02
1.183163025416433811e-03
-1.900243572890758514e-02
7.532616611570119858e-03
-2.909504435956478119e-02
1.551324427127838135e-01
1.368687301874160767e-01
