4.177682101726531982e-01
1.335112154483795166e-01
-5.341575946658849716e-03
-1.006277650594711304e-01
1.257540583610534668e-01
6.974378228187561035e-02
1.370102763175964355e-01
1.644707769155502319e-01
1.203084215521812439e-01
1.548097282648086548e-01
7.072900235652923584e-02
7.383435964584350586e-02
1.674198657274246216e-01
1.352336704730987549e-01
4.205392301082611084e-02
1.790564805269241333e-01
2.496524304151535034e-01
7.760223001241683960e-02
5.984784290194511414e-02
-2.828786373138427734e-01
3.876499086618423462e-02
-1.015666276216506958e-01
-1.243715211749076843e-01
1.242004111409187317e-01
-1.162470690906047821e-02
1.043203622102737427e-01
2.970974147319793701e-02
1.902408003807067871e-01
9.484097361564636230e-02
-1.541883945465087891e-01
2.112913131713867188e-01
3.137788772583007812e-01
8.229116909205913544e-03
2.405946701765060425e-01
3.183635473251342773e-01
2.319129556417465210e-01
2.544108033180236816e-01
2.057455182075500488e-01
9.357000887393951416e-02
5.471522808074951172e-01
3.651699125766754150e-01
8.396610617637634277e-02
-8.767752349376678467e-02
6.693943403661251068e-03
9.315595775842666626e-02
1.187214534729719162e-02
2.473518997430801392e-01
2.516142129898071289e-01
1.916340738534927368e-02
-8.048119395971298218e-02
1.978912800550460815e-01
-1.090768277645111084e-01
-2.980729565024375916e-02
1.255514025688171387e-01
-2.980931103229522705e-01
2.429772168397903442e-02
1.413007974624633789e-01
-6.477665156126022339e-02
-8.768852055072784424e-02
2.205889374017715454e-01
2.441000193357467651e-01
1.168681904673576355e-01
1.920078694820404053e-02
1.350932568311691284e-01
2.089087367057800293e-01
7.507160305976867676e-02
5.403445661067962646e-02
1.755098551511764526e-01
-1.353048533201217651e-01
-1.115634143352508545e-01
3.303915560245513916e-01
-4.534535482525825500e-02
3.234240114688873291e-01
1.912101060152053833e-01
-1.003800258040428162e-01
7.754507660865783691e-02
4.133277572691440582e-03
8.170890063047409058e-02
1.937316507101058960e-01
-9.604278020560741425e-03
4.108783304691314697e-01
4.168826341629028320e-02
5.025796964764595032e-02
3.964027762413024902e-02
7.930254936218261719e-02
2.366040796041488647e-01
5.017773509025573730e-01
-4.900372773408889771e-02
-7.294161617755889893e-02
1.093101277947425842e-01
3.271468579769134521e-01
2.557518780231475830e-01
-6.691462546586990356e-02
3.590828776359558105e-01
-8.764574676752090454e-02
3.168689310550689697e-01
2.215886861085891724e-02
1.444516927003860474e-01
1.059243232011795044e-01
-2.250562608242034912e-02
