-1.642631441354751587e-01
3.420433104038238525e-01
1.070715069770812988e+00
-2.393046319484710693e-01
-3.094617724418640137e-01
5.856604874134063721e-02
2.931590424850583076e-03
-2.750254869461059570e-01
-3.856918960809707642e-02
8.280965499579906464e-03
-1.128831499954685569e-04
4.797700792551040649e-03
2.406488209962844849e-01
7.130757719278335571e-02
1.270544808357954025e-02
-1.796141266822814941e-01
-5.627900362014770508e-01
-6.339014321565628052e-02
1.285068690776824951e-01
7.932014018297195435e-02
-5.188395455479621887e-02
6.002075038850307465e-03
-2.024423032999038696e-01
2.611601911485195160e-02
1.282815039157867432e-01
3.566916286945343018e-02
-1.451977062970399857e-02
-1.400464028120040894e-02
-2.619799971580505371e-02
5.298103690147399902e-01
8.677631616592407227e-03
-7.249337434768676758e-02
2.224021703004837036e-01
1.324159204959869385e-01
-4.038739483803510666e-03
9.051777422428131104e-02
-1.665750592947006226e-01
-3.693195432424545288e-02
6.552512049674987793e-01
-9.032677859067916870e-02
-6.825606804341077805e-03
2.552013471722602844e-02
-1.080638468265533447e-01
7.382012903690338135e-02
9.797227568924427032e-03
-1.273798495531082153e-01
-6.014259997755289078e-03
9.698938578367233276e-02
-1.153304800391197205e-01
5.342116579413414001e-02
5.124190822243690491e-02
-2.882800530642271042e-03
1.191231384873390198e-01
1.065019425004720688e-02
5.218599457293748856e-03
-3.974473476409912109e-02
-4.529227036982774734e-03
-7.368002086877822876e-02
1.143627762794494629e-01
4.080525338649749756e-01
3.281135857105255127e-02
1.113806143403053284e-01
1.469348073005676270e-01
4.635543748736381531e-02
-1.435950994491577148e-01
2.507518790662288666e-02
2.702965028584003448e-02
9.842561930418014526e-02
-3.826866392046213150e-03
-4.838258400559425354e-02
8.641069754958152771e-03
-4.492240399122238159e-02
-1.272975802421569824e-01
-1.490387320518493652e-01
-4.926836118102073669e-02
1.616846323013305664e-01
-5.786774214357137680e-03
8.501700162887573242e-01
3.342549083754420280e-03
8.923652023077011108e-02
6.909280549734830856e-03
-2.125493250787258148e-03
1.417320519685745239e-01
-5.296728014945983887e-01
2.006882056593894958e-02
-7.056328468024730682e-03
6.317590922117233276e-02
-1.568082123994827271e-01
2.224051393568515778e-02
2.668286301195621490e-02
1.407653093338012695e-02
-1.268328540027141571e-02
2.813852392137050629e-03
-3.091509044170379639e-01
-2.126471884548664093e-02
-5.131860449910163879e-02
-3.319427371025085449e-02
-1.386113930493593216e-02
3.461330011487007141e-02
1.233868524432182312e-01
