9.770837426185607910e-02
6.332198530435562134e-02
-3.131825849413871765e-02
-3.254645466804504395e-01
-6.710767000913619995e-02
5.873746424913406372e-02
1.394785493612289429e-01
-4.474600777029991150e-02
6.511355191469192505e-02
-3.554941713809967041e-01
1.536127030849456787e-01
-3.371573984622955322e-01
5.772013068199157715e-01
1.314015779644250870e-02
-4.984936714172363281e-01
-8.968941867351531982e-03
-2.177365869283676147e-01
8.003214001655578613e-02
-4.132524132728576660e-01
7.437317818403244019e-02
1.170574188232421875e+00
-3.255181908607482910e-01
1.011170633137226105e-02
-3.500264286994934082e-01
-1.763470354489982128e-03
-5.450063850730657578e-03
-2.608423493802547455e-02
4.141257703304290771e-01
-3.458831012248992920e-01
-1.503979600965976715e-02
-4.430948793888092041e-01
-3.825483024120330811e-01
3.880379498004913330e-01
7.190146297216415405e-02
-6.792266666889190674e-02
-5.569023489952087402e-01
-1.443412899971008301e-02
1.583576388657093048e-02
-5.593057870864868164e-01
-6.355877965688705444e-02
1.632604300975799561e-01
-1.480231285095214844e-01
4.820147878490388393e-04
1.583244651556015015e-01
-2.892106212675571442e-02
6.123490631580352783e-03
3.500640392303466797e-02
8.724927157163619995e-02
-5.178345739841461182e-02
9.224748238921165466e-03
2.092480957508087158e-01
8.980892598628997803e-02
2.118513435125350952e-01
-2.806446552276611328e-01
6.165989208966493607e-03
-6.650855764746665955e-03
-1.940383948385715485e-02
5.316430237144231796e-03
-4.256875719875097275e-03
6.896399706602096558e-02
-2.412183908745646477e-03
7.712341099977493286e-02
9.796848893165588379e-02
9.290426224470138550e-02
-2.765845879912376404e-02
-1.087182667106389999e-02
6.374676525592803955e-02
-2.237600088119506836e-01
-1.779732555150985718e-01
-2.535584568977355957e-01
2.505366876721382141e-02
3.385212123394012451e-01
2.047963999211788177e-02
-2.407071292400360107e-01
1.103331893682479858e-01
6.235386803746223450e-02
-4.722306504845619202e-02
1.577257923781871796e-02
9.423508495092391968e-02
2.689514495432376862e-02
-1.138313859701156616e-02
-3.746728179976344109e-03
-2.601755559444427490e-01
9.994401782751083374e-02
-3.076449334621429443e-01
-2.312975749373435974e-02
-1.201205793768167496e-02
7.687139511108398438e-02
-2.403645515441894531e-01
3.144226968288421631e-03
-5.162254571914672852e-01
7.186462637037038803e-03
6.567509472370147705e-02
3.788099274970591068e-04
1.101290225982666016e+00
2.788857743144035339e-02
2.893041372299194336e-01
-1.935000121593475342e-01
-5.111049860715866089e-02
-1.099897641688585281e-02
