-7.183718116721138358e-05
6.167937815189361572e-02
1.525848358869552612e-01
2.220151871442794800e-01
1.651893928647041321e-02
9.446289390325546265e-03
9.757824987173080444e-02
-5.130882561206817627e-02
1.325151473283767700e-01
4.491202905774116516e-02
-5.538381636142730713e-03
-2.251914702355861664e-03
6.513883173465728760e-02
-8.007650077342987061e-02
9.386723488569259644e-02
1.460614353418350220e-01
-6.124046817421913147e-02
-4.930783435702323914e-02
8.536808192729949951e-03
-1.653818227350711823e-02
2.763038873672485352e-01
-9.731318801641464233e-02
2.840485610067844391e-02
-9.177466481924057007e-02
-5.506964772939682007e-02
-3.075261833146214485e-03
8.544941246509552002e-02
1.082599163055419922e-01
-4.786003530025482178e-01
1.182245276868343353e-02
3.734762594103813171e-02
1.100759766995906830e-02
1.819091886281967163e-01
9.695126861333847046e-02
-1.489305496215820312e-01
3.517166078090667725e-01
6.239367648959159851e-03
6.420391052961349487e-02
2.017450891435146332e-02
-9.254524484276771545e-03
2.081348448991775513e-01
9.274860844016075134e-03
-2.207023836672306061e-02
3.416280960664153099e-04
-9.999677538871765137e-02
7.602683454751968384e-02
3.046150319278240204e-02
-6.132611632347106934e-02
1.068296805024147034e-01
4.992900416254997253e-03
-1.441043168306350708e-01
-3.786151111125946045e-02
-2.126023024320602417e-01
-4.654113650321960449e-01
1.680085211992263794e-01
1.421643495559692383e-01
1.591607928276062012e-02
-2.864158013835549355e-04
8.181142807006835938e-02
2.433459460735321045e-01
1.387619674205780029e-01
5.605636537075042725e-02
2.032052129507064819e-01
1.703730821609497070e-01
1.011076867580413818e-01
-1.605345159769058228e-01
-7.156601548194885254e-02
1.873428188264369965e-02
-1.153114438056945801e-01
4.138182476162910461e-02
1.474424749612808228e-01
7.041772454977035522e-02
1.240504980087280273e-01
-3.024200350046157837e-02
-1.672828793525695801e-01
7.363501191139221191e-02
-9.126088768243789673e-02
1.367911696434020996e-01
3.066304698586463928e-02
8.158003538846969604e-02
-3.746858984231948853e-02
1.122753471136093140e-01
8.136348426342010498e-02
-3.841062262654304504e-02
1.065555959939956665e-01
-1.182672232389450073e-01
1.644857227802276611e-01
4.657823592424392700e-02
4.782168939709663391e-02
6.864818185567855835e-02
-9.160868823528289795e-02
9.880402684211730957e-02
3.370093181729316711e-02
4.251857474446296692e-02
1.090882346034049988e-01
1.189030781388282776e-01
1.135837659239768982e-02
-7.806383073329925537e-02
-6.945966184139251709e-02
1.382619142532348633e-01
