-2.216150015592575073e-01
1.065906696021556854e-02
7.478486001491546631e-02
-4.483341798186302185e-02
1.138739362359046936e-01
1.458734124898910522e-01
2.579026818275451660e-01
2.183531671762466431e-01
7.053659763187170029e-03
1.109070405364036560e-01
2.571913003921508789e-01
-4.659288004040718079e-02
7.184617966413497925e-02
2.882458269596099854e-01
-1.091493945568799973e-02
8.613296598196029663e-02
2.950427494943141937e-02
1.501545608043670654e-01
-1.473172456026077271e-01
2.926879525184631348e-01
1.544518917798995972e-01
2.474115192890167236e-01
-3.035840988159179688e-01
3.125112056732177734e-01
3.082545399665832520e-01
-1.370054781436920166e-01
3.340134024620056152e-02
2.418395429849624634e-01
3.995963837951421738e-03
3.024149686098098755e-02
-5.784063134342432022e-03
3.100168704986572266e-01
1.437170356512069702e-01
2.272216081619262695e-01
-1.046925038099288940e-01
-4.140941053628921509e-02
-4.839549064636230469e-01
2.024540118873119354e-02
3.980699554085731506e-02
-7.662232220172882080e-02
2.785806953907012939e-01
-2.064640969038009644e-01
2.385216504335403442e-01
-6.328063458204269409e-02
2.398167969658970833e-03
2.258452028036117554e-01
1.387835294008255005e-01
2.391568869352340698e-01
1.681165248155593872e-01
1.867718100547790527e-01
2.328585088253021240e-01
2.424777299165725708e-01
2.086105644702911377e-01
2.651067376136779785e-01
2.528686225414276123e-01
-2.438851147890090942e-01
2.397268712520599365e-01
2.966405451297760010e-01
2.153343409299850464e-01
-1.227822825312614441e-01
-4.192640259861946106e-02
1.658176332712173462e-01
-1.013688147068023682e-01
2.469083368778228760e-01
-3.282726276665925980e-03
-1.408119946718215942e-01
3.160306811332702637e-01
-9.397432208061218262e-02
-1.219884231686592102e-01
2.889379560947418213e-01
7.946127653121948242e-02
-1.259908080101013184e-01
-7.731467485427856445e-02
-1.808415651321411133e-01
4.904361069202423096e-01
9.943809360265731812e-02
2.284611016511917114e-01
2.508613467216491699e-01
2.615076899528503418e-01
3.053826987743377686e-01
-3.944878578186035156e-01
3.236329853534698486e-01
9.257503785192966461e-03
-4.905683994293212891e-01
3.053557872772216797e-01
7.521699070930480957e-01
3.149113357067108154e-01
2.706363201141357422e-01
-1.059951856732368469e-01
-2.628144063055515289e-02
4.684383794665336609e-02
2.420637905597686768e-01
-1.097552180290222168e-01
-9.413651376962661743e-02
-9.474036097526550293e-02
-1.203924864530563354e-01
-2.625582739710807800e-02
2.676536142826080322e-01
1.865016072988510132e-01
-5.832961201667785645e-02
