-2.277680188417434692e-01
-7.529964298009872437e-02
-1.708484143018722534e-01
1.753704994916915894e-01
-1.174047514796257019e-01
1.236605551093816757e-02
5.652136728167533875e-02
1.394461989402770996e-01
-2.149255722761154175e-01
1.571606099605560303e-01
1.451781019568443298e-02
-3.228643909096717834e-03
7.401021663099527359e-03
8.454034477472305298e-02
-8.390457928180694580e-02
-3.813527226448059082e-01
2.894691005349159241e-02
8.460072427988052368e-02
-2.973383367061614990e-01
6.187107786536216736e-02
2.788718603551387787e-02
8.980213105678558350e-02
-4.257571697235107422e-01
1.340406239032745361e-01
2.518508732318878174e-01
-3.993320465087890625e-01
-1.456519514322280884e-01
2.393179386854171753e-02
2.870237827301025391e-02
-1.287893652915954590e-01
-3.655282258987426758e-01
1.158296614885330200e-01
3.652342781424522400e-02
7.104560732841491699e-02
6.235498189926147461e-01
-3.324339687824249268e-01
-6.117534041404724121e-01
-4.961997270584106445e-02
-1.732373796403408051e-02
-5.363831520080566406e-01
8.583752810955047607e-02
6.971715092658996582e-01
1.088396832346916199e-01
-1.773283630609512329e-01
-3.508512079715728760e-01
8.401385694742202759e-02
3.646855428814888000e-02
1.024085208773612976e-01
1.858287863433361053e-02
9.640521556138992310e-02
1.137326061725616455e-01
1.166465207934379578e-01
4.772897437214851379e-02
6.668295711278915405e-02
4.542224481701850891e-02
-2.491821944713592529e-01
4.022033885121345520e-02
1.270690262317657471e-01
8.303643763065338135e-02
5.099825561046600342e-03
1.921709626913070679e-02
9.142905473709106445e-02
-1.904181838035583496e-01
9.514567255973815918e-02
-1.815945096313953400e-02
-3.704403936862945557e-01
9.294548630714416504e-02
-3.144895434379577637e-01
1.368876453489065170e-02
1.167454347014427185e-01
1.925475313328206539e-03
-3.834525868296623230e-02
-4.562267959117889404e-01
-2.552979588508605957e-01
4.261462986469268799e-01
-1.068902686238288879e-01
3.918710350990295410e-02
9.050118178129196167e-02
6.002601236104965210e-02
1.352643519639968872e-01
-2.505882680416107178e-01
1.347478032112121582e-01
-2.150305174291133881e-02
-7.616516947746276855e-01
9.375914186239242554e-02
6.082562208175659180e-01
1.282299757003784180e-01
8.756601810455322266e-02
-1.925517804920673370e-02
-3.569681942462921143e-01
-4.867263436317443848e-01
3.147037699818611145e-02
2.848761901259422302e-02
-3.095381855964660645e-01
-5.828347802162170410e-01
4.824376478791236877e-02
2.938549779355525970e-02
1.192655041813850403e-01
3.465715050697326660e-02
-4.699757099151611328e-01
