-3.687801212072372437e-02
6.608211994171142578e-02
1.554084122180938721e-01
-1.434944719076156616e-01
6.408979743719100952e-02
-4.831900447607040405e-02
3.099280782043933868e-02
5.905521661043167114e-02
-3.747344389557838440e-02
4.459748417139053345e-02
8.193415403366088867e-02
1.795621067285537720e-01
-1.846906244754791260e-01
8.712597936391830444e-02
-1.070862933993339539e-01
-6.027418188750743866e-03
1.175470352172851562e-01
5.806949734687805176e-02
2.154850512742996216e-01
-2.097864635288715363e-02
2.832785546779632568e-01
8.416826836764812469e-03
3.120434284210205078e-01
1.163380220532417297e-01
-8.993812650442123413e-02
5.050691217184066772e-02
-1.009313389658927917e-01
-8.991608768701553345e-02
1.424814909696578979e-01
2.487055063247680664e-01
1.056150048971176147e-01
3.115170076489448547e-02
2.405134886503219604e-01
1.587474793195724487e-01
1.278218328952789307e-01
7.979012280702590942e-02
-9.229787439107894897e-02
9.382035583257675171e-02
7.234931737184524536e-02
-3.461834858171641827e-04
3.886029496788978577e-02
2.753650546073913574e-01
2.219196110963821411e-01
3.164159655570983887e-01
2.249357849359512329e-01
-1.277096942067146301e-02
2.700025737285614014e-01
8.087323606014251709e-02
7.408389355987310410e-04
1.147067174315452576e-02
2.009937465190887451e-01
-3.397956117987632751e-02
8.036870509386062622e-02
2.832693047821521759e-02
1.632394343614578247e-01
3.862641006708145142e-02
8.216515183448791504e-02
5.920517072081565857e-02
6.957343220710754395e-02
-6.635309010744094849e-02
1.219687387347221375e-01
1.544026136398315430e-01
4.314027260988950729e-03
2.060734778642654419e-01
-3.563347458839416504e-02
3.056739866733551025e-01
1.913176178932189941e-01
2.655019052326679230e-02
1.014863848686218262e-01
-1.541114747524261475e-01
1.501699239015579224e-01
-2.613876946270465851e-02
2.825635969638824463e-01
1.060085445642471313e-01
1.362908035516738892e-01
6.663209944963455200e-02
2.908823452889919281e-02
2.756175957620143890e-02
-1.387938763946294785e-02
2.069848924875259399e-01
6.626319140195846558e-02
1.710790544748306274e-01
1.644457131624221802e-01
1.188551560044288635e-01
-5.100344121456146240e-02
1.682707481086254120e-02
-4.620376974344253540e-02
-1.093993894755840302e-02
4.087306559085845947e-03
9.946314245462417603e-02
1.612015366554260254e-01
2.941919304430484772e-02
8.728698641061782837e-02
3.060277178883552551e-02
-8.504287898540496826e-02
1.415849924087524414e-01
1.893280893564224243e-01
5.065733194351196289e-02
-3.816490247845649719e-02
1.982340067625045776e-01
