-7.526352256536483765e-02
6.184164434671401978e-02
-2.015551581280305982e-04
-4.536024630069732666e-01
9.853418171405792236e-02
1.098263636231422424e-01
-2.975344099104404449e-02
-1.046242937445640564e-02
1.138710789382457733e-02
-7.848053239285945892e-03
-8.961374871432781219e-03
-5.709785968065261841e-02
6.601543724536895752e-02
-3.992625325918197632e-02
2.284861169755458832e-02
1.123692616820335388e-01
-1.884411647915840149e-02
-2.782096900045871735e-02
7.415798027068376541e-03
9.240455925464630127e-03
6.304540485143661499e-02
-2.132266201078891754e-02
1.183282509446144104e-01
-3.241353631019592285e-01
1.273794770240783691e-01
1.498657045885920525e-03
9.434711188077926636e-02
2.039686962962150574e-02
1.012774035334587097e-01
-4.745002985000610352e-01
9.250839240849018097e-03
9.749191999435424805e-02
4.993434995412826538e-02
-5.528789386153221130e-02
1.440610140562057495e-01
-4.410883411765098572e-02
1.702848076820373535e-02
7.494571059942245483e-02
-1.904033310711383820e-02
-1.367367897182703018e-02
-1.033470034599304199e-02
-3.154188627377152443e-03
3.807387128472328186e-02
-5.989760160446166992e-02
-1.935088448226451874e-02
-2.179880067706108093e-02
1.523691564798355103e-01
-2.663311958312988281e-01
-7.174820452928543091e-02
1.736326664686203003e-01
7.962252944707870483e-02
7.905825972557067871e-02
1.032622829079627991e-01
-1.854108646512031555e-02
6.013889610767364502e-02
1.291725337505340576e-01
1.426267474889755249e-01
6.271290034055709839e-02
-3.492582440376281738e-01
9.121993184089660645e-02
-3.136840835213661194e-02
1.304336786270141602e-01
-2.888522110879421234e-02
1.251853257417678833e-01
3.498820364475250244e-01
8.429428189992904663e-02
1.288831382989883423e-01
6.479309499263763428e-02
-7.266469299793243408e-03
-3.114638030529022217e-01
-9.478979557752609253e-02
6.991865485906600952e-02
-1.781257800757884979e-02
6.897230166941881180e-03
3.380267024040222168e-01
-4.363133013248443604e-02
2.972609829157590866e-03
1.149545237421989441e-01
-1.179664656519889832e-01
3.160935267806053162e-02
-1.072277408093214035e-02
1.338518857955932617e-01
2.674956806004047394e-02
-1.446546316146850586e-01
1.784611493349075317e-01
-1.072516217827796936e-01
5.491207819432020187e-03
-8.906285464763641357e-02
1.003627777099609375e-01
-1.176049187779426575e-01
1.137764826416969299e-01
1.342028751969337463e-02
-5.553890392184257507e-02
9.372697770595550537e-02
-9.132657200098037720e-02
5.516486242413520813e-02
-4.349704366177320480e-03
5.188104137778282166e-02
-8.393438160419464111e-02
5.498804524540901184e-02
