1.286951750516891479e-01
2.547530233860015869e-01
2.494497969746589661e-02
2.622443735599517822e-01
2.344881296157836914e-01
2.917705774307250977e-01
-4.275175556540489197e-02
-1.564964950084686279e-01
3.556865453720092773e-02
-3.983830288052558899e-02
8.220251649618148804e-02
1.465026289224624634e-01
9.550788253545761108e-02
2.447131872177124023e-01
1.625999063253402710e-01
1.915039271116256714e-01
-5.565656721591949463e-02
9.709751605987548828e-02
-1.436737477779388428e-01
1.360953878611326218e-02
1.788219511508941650e-01
-1.641309708356857300e-01
-7.607018947601318359e-02
-1.056104451417922974e-01
-2.184618562459945679e-01
1.400921195745468140e-01
1.636962294578552246e-01
4.536150768399238586e-02
1.869174242019653320e-01
1.064484845846891403e-02
-2.088577486574649811e-02
-1.114770025014877319e-01
5.034467577934265137e-02
-8.140873163938522339e-02
-4.395910724997520447e-02
-9.073405712842941284e-02
-3.142803907394409180e-02
-2.035529725253582001e-02
7.618778198957443237e-02
-1.303914636373519897e-01
1.006868202239274979e-02
8.080854266881942749e-02
-1.182621866464614868e-01
-4.027287662029266357e-01
9.856551885604858398e-02
-1.454630047082901001e-01
-4.692598059773445129e-02
1.097269952297210693e-01
1.787440031766891479e-01
-9.854035824537277222e-02
-4.220885783433914185e-02
7.144583761692047119e-02
-1.939153671264648438e-01
1.301099210977554321e-01
-1.244828924536705017e-01
8.668295294046401978e-02
-1.004827022552490234e-01
-2.540962025523185730e-02
-9.047923237085342407e-02
-1.782690435647964478e-01
1.495787203311920166e-01
-7.697355747222900391e-02
-2.480060607194900513e-02
2.474333196878433228e-01
-4.001227393746376038e-02
1.137043312191963196e-01
8.508171886205673218e-02
-1.664977073669433594e-01
1.724082678556442261e-01
1.316561400890350342e-01
3.751653805375099182e-02
-7.003678940236568451e-03
1.141975447535514832e-01
-1.351045966148376465e-01
-1.496906578540802002e-01
2.110866606235504150e-01
3.329772874712944031e-02
-7.901009917259216309e-02
2.252558805048465729e-02
9.922046959400177002e-02
-5.260137841105461121e-03
1.233405992388725281e-01
-1.052838563919067383e-01
1.770200282335281372e-01
-7.188127841800451279e-03
-5.522685497999191284e-02
-1.147893816232681274e-01
3.508996218442916870e-02
6.996679306030273438e-02
-9.652544744312763214e-03
6.304675713181495667e-03
5.000932142138481140e-02
-8.971039205789566040e-02
-2.319930195808410645e-01
1.144739314913749695e-01
-1.184558942914009094e-01
2.339740246534347534e-01
1.480544656515121460e-01
1.672266125679016113e-01
1.167986355721950531e-02
