4.735934734344482422e-02
-7.277677655220031738e-01
3.463026583194732666e-01
-2.508112601935863495e-02
2.549095749855041504e-01
-2.731254789978265762e-03
-1.352081894874572754e-01
5.532900616526603699e-02
-2.878436073660850525e-02
2.681259512901306152e-01
-5.392791330814361572e-02
3.846779763698577881e-01
1.272269934415817261e-01
3.747387528419494629e-01
1.702006906270980835e-01
3.419367969036102295e-01
2.792673707008361816e-01
-1.300619263201951981e-02
-1.119706258177757263e-01
3.566009700298309326e-01
-1.979010105133056641e-01
-1.688096821308135986e-01
3.203860670328140259e-02
-1.817202270030975342e-01
3.613114356994628906e-01
-1.829632222652435303e-01
2.960727736353874207e-02
-1.097576916217803955e-01
2.749819457530975342e-01
-1.799724102020263672e-01
3.537309765815734863e-01
2.426535785198211670e-01
2.797123193740844727e-01
-1.270199120044708252e-01
1.428780704736709595e-01
-7.557284086942672729e-02
-8.678747341036796570e-03
7.655936479568481445e-01
-1.556004676967859268e-02
3.175099790096282959e-01
-3.988007828593254089e-02
-1.365550048649311066e-02
1.138837728649377823e-02
1.759277433156967163e-01
4.021776467561721802e-02
2.224781364202499390e-01
-1.175751090049743652e-01
1.801555901765823364e-01
-1.958619207143783569e-01
1.526748295873403549e-02
-8.885530382394790649e-02
-5.474570766091346741e-02
-1.771525442600250244e-01
-5.139207467436790466e-02
6.386584788560867310e-02
-1.389296948909759521e-01
8.541513234376907349e-02
3.659750819206237793e-01
-1.284530013799667358e-01
-1.490007042884826660e-01
3.401653766632080078e-01
-6.901673972606658936e-02
2.919510900974273682e-01
-1.018741726875305176e-01
-5.575375258922576904e-02
3.371846973896026611e-01
3.165099024772644043e-01
-1.440011560916900635e-01
1.347191780805587769e-01
3.119402527809143066e-01
-3.116143643856048584e-01
2.812135517597198486e-01
3.503550887107849121e-01
-7.056099176406860352e-02
4.756376519799232483e-02
-6.884428858757019043e-02
-6.950013339519500732e-02
3.592931628227233887e-01
2.649231255054473877e-01
3.850917816162109375e-01
3.510609269142150879e-01
-1.036686897277832031e-01
-1.707147806882858276e-02
3.810157999396324158e-02
-1.378956064581871033e-02
-1.628909111022949219e-01
-9.180932492017745972e-02
1.135850511491298676e-02
-1.034064516425132751e-01
3.122803568840026855e-01
8.985055983066558838e-02
2.191467732191085815e-01
-1.040505617856979370e-01
3.731665015220642090e-01
1.749529242515563965e-01
-4.631768167018890381e-01
-1.201776787638664246e-01
1.306727677583694458e-01
3.808673322200775146e-01
8.734454214572906494e-02
