-5.719195306301116943e-02
-1.282917410135269165e-01
3.495506197214126587e-02
6.746653467416763306e-02
2.798159718513488770e-01
-2.890874147415161133e-01
-6.713519990444183350e-02
1.885470151901245117e-01
-3.385698422789573669e-02
-1.529638189822435379e-02
3.211208805441856384e-02
1.157600879669189453e-01
9.198410809040069580e-02
9.819222986698150635e-02
2.495708167552947998e-01
-3.513088077306747437e-02
-6.304054707288742065e-02
1.515752673149108887e-01
-5.410441160202026367e-01
9.921632707118988037e-02
3.397444784641265869e-01
-4.207963123917579651e-02
-9.988356381654739380e-03
3.519283980131149292e-02
2.579252421855926514e-01
-4.356320947408676147e-02
-9.973967820405960083e-02
-1.586259752511978149e-01
7.486058026552200317e-02
-1.786202788352966309e-01
2.698713541030883789e-01
4.606647044420242310e-02
6.457844376564025879e-02
1.197630614042282104e-01
-3.091073594987392426e-02
1.935059875249862671e-01
-4.665210098028182983e-02
2.221089601516723633e-02
-1.375990640372037888e-02
2.250163406133651733e-01
-1.093602553009986877e-01
6.598846614360809326e-02
2.667250633239746094e-01
7.129768282175064087e-02
-2.817057445645332336e-02
4.746592044830322266e-02
1.431291848421096802e-01
1.728964745998382568e-01
1.654313877224922180e-02
7.622538506984710693e-02
7.719761878252029419e-02
9.132188558578491211e-02
1.552408188581466675e-01
-1.168582439422607422e-01
-1.540496051311492920e-01
-5.702322348952293396e-02
2.220831662416458130e-01
5.402208864688873291e-02
7.492859661579132080e-02
1.627829223871231079e-01
2.281244695186614990e-01
3.635174781084060669e-02
2.268375270068645477e-02
1.669815033674240112e-01
-8.603369444608688354e-02
1.032510846853256226e-01
-1.515616923570632935e-01
-2.067020237445831299e-01
-8.037384599447250366e-02
3.498749732971191406e-01
9.824948757886886597e-02
2.321792840957641602e-01
-1.095831990242004395e-01
9.783334285020828247e-02
4.772681742906570435e-02
-1.865241527557373047e-01
-1.395249813795089722e-01
-1.311306059360504150e-01
3.458564355969429016e-02
2.332219630479812622e-01
1.743425279855728149e-01
-1.198524311184883118e-01
-1.338745206594467163e-01
-8.329082280397415161e-02
1.057506352663040161e-01
2.567083574831485748e-02
2.429962903261184692e-01
-9.404928237199783325e-02
4.349819421768188477e-01
3.587842285633087158e-01
2.167146801948547363e-01
9.072209708392620087e-03
-2.182984538376331329e-02
9.083732217550277710e-02
1.354580372571945190e-01
1.269134283065795898e-01
-2.586003541946411133e-01
-2.068290114402770996e-01
-8.092347532510757446e-02
-6.302373111248016357e-02
