3.921514749526977539e-01
-3.925970569252967834e-02
-2.108837366104125977e-01
-4.672085493803024292e-02
3.890043795108795166e-01
3.611129522323608398e-01
4.009790718555450439e-01
-1.840870380401611328e-01
-6.856068223714828491e-02
-6.105758249759674072e-02
3.036955296993255615e-01
-2.447768487036228180e-02
2.476546913385391235e-01
3.086931109428405762e-01
-1.294465065002441406e-01
2.494232207536697388e-01
-1.231103911995887756e-01
-2.098066359758377075e-01
-3.191959857940673828e-01
2.547472715377807617e-01
-8.280023932456970215e-02
2.620936930179595947e-01
-3.674136698246002197e-01
3.467248082160949707e-01
3.287957906723022461e-01
2.205602228641510010e-01
-2.430982701480388641e-02
3.145656287670135498e-01
3.851035237312316895e-01
3.872912824153900146e-01
3.151206076145172119e-01
2.450314536690711975e-02
3.388539850711822510e-01
-1.464319322258234024e-02
-8.732485026121139526e-02
-8.938187360763549805e-02
3.301382064819335938e-01
2.376971840858459473e-01
1.378498622216284275e-03
3.564165234565734863e-01
1.423210464417934418e-02
-1.122195795178413391e-01
-6.798139959573745728e-02
1.519356369972229004e-01
3.587016761302947998e-01
2.963615059852600098e-01
3.532652556896209717e-01
-3.776939511299133301e-01
2.150800675153732300e-01
-8.540075272321701050e-02
3.325113952159881592e-01
1.966672716662287712e-03
4.168801903724670410e-01
3.602700829505920410e-01
-6.626256555318832397e-02
3.577731251716613770e-01
8.686893433332443237e-02
3.157114088535308838e-01
3.656266629695892334e-01
2.554375827312469482e-01
1.293592900037765503e-01
-1.070468649268150330e-01
1.332115475088357925e-02
1.087112873792648315e-01
-1.166294738650321960e-01
5.179984122514724731e-02
3.046046495437622070e-01
2.592599391937255859e-01
3.911000788211822510e-01
2.081232517957687378e-01
3.645906224846839905e-02
1.352284755557775497e-02
4.001568555831909180e-01
3.308229148387908936e-01
3.778697550296783447e-01
-1.054980829358100891e-01
3.536846041679382324e-01
-1.419856306165456772e-02
-1.690622605383396149e-02
-9.033177979290485382e-03
-2.931217253208160400e-01
1.561535988003015518e-02
-1.079163402318954468e-01
-6.812504678964614868e-02
2.602402269840240479e-01
2.747051119804382324e-01
3.867263197898864746e-01
4.509264528751373291e-01
3.816275894641876221e-01
2.763895988464355469e-01
1.816526800394058228e-02
2.097721248865127563e-01
-9.838563203811645508e-02
2.635143138468265533e-02
-1.035976186394691467e-01
2.778271436691284180e-01
-3.224490880966186523e-01
8.502926677465438843e-03
-1.472917497158050537e-01
2.781627774238586426e-01
