1.419238597154617310e-01
1.200129743665456772e-03
-2.624185085296630859e-01
-4.891917109489440918e-03
9.236414730548858643e-02
5.904658883810043335e-02
1.396289318799972534e-01
-3.450774401426315308e-02
-3.109210170805454254e-03
-1.118503231555223465e-02
1.271115243434906006e-01
-8.576454967260360718e-02
7.371441274881362915e-02
7.741014659404754639e-02
4.504440128803253174e-01
1.239622756838798523e-02
-5.735102891921997070e-01
-2.184284776449203491e-01
-4.023993313312530518e-01
1.029477715492248535e-01
-5.217885971069335938e-02
1.246936898678541183e-02
-1.348322182893753052e-01
8.412272483110427856e-02
7.479525357484817505e-02
4.562906920909881592e-02
-2.044481188058853149e-01
1.095688417553901672e-01
9.698370099067687988e-02
1.364878118038177490e-01
1.052087396383285522e-01
-9.615145623683929443e-02
1.016802266240119934e-01
2.680145204067230225e-01
-6.367252022027969360e-02
-4.681289941072463989e-02
1.342759579420089722e-01
3.141024848446249962e-03
-5.011194571852684021e-02
6.640499830245971680e-02
3.846289590001106262e-03
-4.038548469543457031e-02
-3.747840225696563721e-02
1.279940754175186157e-01
7.195141166448593140e-02
2.220413088798522949e-01
1.179629638791084290e-01
-6.603732109069824219e-01
8.779319934546947479e-03
-1.426501292735338211e-02
5.060997232794761658e-02
2.610560655593872070e-01
3.531146049499511719e-01
1.420480757951736450e-01
-3.934082388877868652e-02
1.130063831806182861e-01
1.263133287429809570e-01
1.083237305283546448e-01
1.066115945577621460e-01
1.630923151969909668e-02
-3.662234405055642128e-03
-1.120485085994005203e-02
3.800907731056213379e-02
2.994382679462432861e-01
-3.845164086669683456e-03
-3.968073427677154541e-02
9.823179990053176880e-02
7.004789263010025024e-02
1.392228156328201294e-01
5.186615139245986938e-02
6.226617842912673950e-02
2.620940655469894409e-02
1.241669356822967529e-01
6.522075831890106201e-02
8.666954934597015381e-02
-3.985197842121124268e-02
1.299353986978530884e-01
-3.750401735305786133e-02
-2.033720351755619049e-02
-2.480069398880004883e-01
-3.095845580101013184e-01
3.868677467107772827e-02
4.914274066686630249e-02
8.040424436330795288e-03
9.314720332622528076e-02
5.524789169430732727e-02
8.771446347236633301e-02
4.538270831108093262e-01
1.254320442676544189e-01
4.473755136132240295e-02
-2.493456192314624786e-02
3.352188318967819214e-02
-9.213619865477085114e-03
-3.775306791067123413e-02
-1.192180812358856201e-02
3.521194681525230408e-02
-1.318802982568740845e-01
-2.304600924253463745e-02
-2.848668582737445831e-02
9.965268522500991821e-02
