1.404220461845397949e-01
-4.135909974575042725e-01
5.042679607868194580e-02
-8.956522494554519653e-02
1.161073427647352219e-02
6.070286780595779419e-02
-6.933074444532394409e-02
3.909717872738838196e-02
-1.361591815948486328e-01
1.828211396932601929e-01
2.107832431793212891e-01
1.665234267711639404e-01
-8.327098935842514038e-02
-9.193909354507923126e-03
2.301823906600475311e-02
-1.386515647172927856e-01
-5.036966502666473389e-02
1.534242630004882812e-01
5.775560438632965088e-02
1.013511940836906433e-01
-5.133020691573619843e-03
-7.385564595460891724e-02
2.336288392543792725e-01
1.929626613855361938e-01
1.124864071607589722e-01
-9.374253451824188232e-02
8.691560477018356323e-02
-1.686977893114089966e-01
-6.420552730560302734e-02
1.974993348121643066e-01
-2.136979252099990845e-02
-4.519415646791458130e-02
-2.153650857508182526e-02
-1.168161630630493164e-01
2.869939506053924561e-01
2.848868370056152344e-01
-1.391003280878067017e-01
-6.733167171478271484e-02
2.982041426002979279e-02
1.844154596328735352e-01
7.817044854164123535e-02
-2.375400215387344360e-01
1.402310729026794434e-01
4.026315733790397644e-02
-5.348422750830650330e-02
-3.410099819302558899e-02
6.869984269142150879e-01
-3.389621898531913757e-02
1.383742094039916992e-01
-1.891746520996093750e-01
5.783851444721221924e-02
-1.252086311578750610e-01
-8.277704939246177673e-03
-9.247366338968276978e-02
-1.609719544649124146e-01
-2.180152386426925659e-01
1.732499711215496063e-02
1.680353879928588867e-01
-2.464853227138519287e-02
-2.519806614145636559e-03
-3.576275706291198730e-02
2.035515904426574707e-01
1.942817568778991699e-01
-2.055594231933355331e-03
-8.896116912364959717e-02
1.009899601340293884e-01
2.981865704059600830e-01
2.681624591350555420e-01
2.276015579700469971e-01
-9.356198459863662720e-02
1.379923969507217407e-01
1.895425319671630859e-01
2.141405045986175537e-01
2.513182461261749268e-01
-1.064612269401550293e-01
2.267869710922241211e-01
1.795624494552612305e-01
-2.743392437696456909e-02
2.420163899660110474e-01
-1.161732599139213562e-01
2.749424874782562256e-01
2.940136790275573730e-01
-1.418664604425430298e-01
6.164438128471374512e-01
2.032535374164581299e-01
-9.061858057975769043e-03
-9.210670739412307739e-02
-1.463005542755126953e-01
5.203456804156303406e-02
2.651752829551696777e-01
6.631315499544143677e-02
6.188949197530746460e-02
2.107953429222106934e-01
1.437709778547286987e-01
1.813539117574691772e-01
-5.188524723052978516e-02
1.558372080326080322e-01
-1.537080258131027222e-01
1.093429550528526306e-01
-1.194776743650436401e-01
