-7.953844964504241943e-03
1.173903122544288635e-01
1.388587504625320435e-01
2.271851003170013428e-01
6.008764356374740601e-02
-2.057806961238384247e-02
2.515830397605895996e-01
1.814982481300830841e-02
3.323742374777793884e-02
2.102821171283721924e-01
-2.089055329561233521e-01
-1.315111666917800903e-01
-1.987525224685668945e-01
6.866408884525299072e-02
-5.701385438442230225e-02
3.730192407965660095e-02
-6.727472692728042603e-02
-6.385818123817443848e-02
2.451636195182800293e-01
2.491514757275581360e-02
2.196432054042816162e-01
1.496895551681518555e-01
2.214192152023315430e-01
1.027377247810363770e-01
-1.466473042964935303e-01
1.513206362724304199e-01
5.660192295908927917e-02
-2.332491874694824219e-01
1.186675578355789185e-01
4.899755865335464478e-02
2.452269047498703003e-01
2.255941778421401978e-01
-4.047657176852226257e-02
7.661515474319458008e-02
1.684541553258895874e-01
1.927924305200576782e-01
2.882075682282447815e-02
7.674990594387054443e-02
-6.138289347290992737e-02
1.384196579456329346e-01
1.608053445816040039e-01
1.957217901945114136e-01
3.354512527585029602e-02
7.739508152008056641e-02
2.177275121212005615e-01
-4.602240771055221558e-02
3.309015333652496338e-01
2.827857434749603271e-01
1.718330681324005127e-01
1.946306824684143066e-01
6.538907438516616821e-02
2.354593276977539062e-01
1.808435320854187012e-01
1.097747683525085449e-01
2.250090986490249634e-01
1.896806359291076660e-01
-7.147581130266189575e-02
-7.846044003963470459e-02
-3.344961255788803101e-02
-5.102055519819259644e-02
1.282995790243148804e-01
1.917640566825866699e-01
1.041404753923416138e-01
3.000657558441162109e-01
2.759501636028289795e-01
1.647233217954635620e-01
4.978192225098609924e-02
-3.496838212013244629e-01
1.180108711123466492e-01
1.227543056011199951e-01
6.105811893939971924e-02
1.821887493133544922e-01
2.195672988891601562e-01
2.919409871101379395e-01
7.897825539112091064e-02
-1.120247179642319679e-03
6.028359383344650269e-02
2.281516604125499725e-02
-7.166326791048049927e-02
9.875481575727462769e-02
2.178046405315399170e-01
1.012054644525051117e-02
5.165280774235725403e-02
1.084999069571495056e-01
-1.230382267385721207e-02
-4.532077908515930176e-02
4.146878048777580261e-02
3.114716708660125732e-01
1.117668896913528442e-01
1.830087155103683472e-01
3.754983469843864441e-02
-1.608026027679443359e-01
2.673449814319610596e-01
-1.114407405257225037e-01
5.977573618292808533e-02
2.820843756198883057e-01
-9.485745429992675781e-02
1.678667366504669189e-01
-4.709230270236730576e-03
8.970961719751358032e-02
