-1.417749524116516113e-01
-2.499789297580718994e-01
3.758468031883239746e-01
2.464124858379364014e-01
-8.289975672960281372e-02
1.344586908817291260e-02
-2.137411618605256081e-03
3.500234782695770264e-01
-1.314079761505126953e-01
-2.384795397520065308e-01
-4.602536186575889587e-02
3.350781798362731934e-01
2.121077924966812134e-01
3.263843357563018799e-01
3.670970499515533447e-01
3.444985151290893555e-01
-8.937306702136993408e-02
-1.015763878822326660e-01
3.311810791492462158e-01
2.655585706233978271e-01
-4.488938488066196442e-03
1.866117268800735474e-01
-1.099110841751098633e-01
-1.410678476095199585e-01
1.374681144952774048e-01
2.742309272289276123e-01
-6.667713075876235962e-02
5.366150289773941040e-02
-9.452442824840545654e-02
1.247133128345012665e-02
3.460968136787414551e-01
3.211801946163177490e-01
2.826558053493499756e-01
-4.230189323425292969e-02
1.300519797950983047e-03
-7.904709875583648682e-02
-2.405944513157010078e-03
2.893944084644317627e-01
2.345377802848815918e-01
-8.491838723421096802e-02
-2.394883781671524048e-01
-2.037191838026046753e-01
2.269740700721740723e-01
3.262074589729309082e-01
-2.808138430118560791e-01
2.787080705165863037e-01
3.872617483139038086e-01
3.620782196521759033e-01
3.137142062187194824e-01
2.094144001603126526e-02
-2.084942311048507690e-01
2.253192216157913208e-01
2.739970982074737549e-01
2.953785657882690430e-01
3.597638905048370361e-01
-3.772718831896781921e-02
2.504316270351409912e-01
2.293734997510910034e-01
2.876178026199340820e-01
2.907139360904693604e-01
1.898089349269866943e-01
2.736502587795257568e-01
-5.593108758330345154e-02
1.977568864822387695e-02
3.350189626216888428e-01
-2.976382710039615631e-02
-9.660924784839153290e-03
-2.808571755886077881e-01
2.871921360492706299e-01
5.321720615029335022e-02
-7.097633183002471924e-02
3.036517500877380371e-01
-1.984271593391895294e-02
-4.764356091618537903e-02
-8.903639018535614014e-02
3.092172145843505859e-01
3.634724617004394531e-01
3.345019817352294922e-01
2.731302008032798767e-02
2.171618789434432983e-01
2.726180255413055420e-01
3.905409276485443115e-01
-2.202979475259780884e-02
7.022699713706970215e-02
-9.307678788900375366e-02
3.107445836067199707e-01
-8.906426280736923218e-02
6.347847729921340942e-02
-1.416562348604202271e-01
-6.408338248729705811e-02
2.960228323936462402e-01
3.353177309036254883e-01
-1.453083660453557968e-02
-2.711564488708972931e-02
3.628915548324584961e-01
-1.225912850350141525e-02
1.821457892656326294e-01
4.909608513116836548e-02
-3.359875455498695374e-02
-7.099424302577972412e-02
