2.227407395839691162e-01
-8.581765741109848022e-02
-1.369505971670150757e-01
2.775607705116271973e-01
-1.254257857799530029e-01
1.340585527941584587e-03
1.964559108018875122e-01
4.891253635287284851e-02
3.537803515791893005e-02
6.388358771800994873e-02
4.079209268093109131e-01
3.699558079242706299e-01
-4.718051105737686157e-02
-1.855544149875640869e-01
2.483280301094055176e-01
1.687116920948028564e-01
4.065538644790649414e-01
3.782497644424438477e-01
-3.555681407451629639e-01
3.750880360603332520e-01
1.524481922388076782e-01
-5.786833167076110840e-02
3.982223868370056152e-01
8.540466427803039551e-02
-1.729092374444007874e-02
3.303131088614463806e-02
1.689102128148078918e-02
3.394432663917541504e-01
-1.026993170380592346e-01
-3.425874561071395874e-02
3.367315530776977539e-01
3.711073398590087891e-01
1.054424047470092773e-01
-1.062273085117340088e-01
-3.181983530521392822e-01
3.152084648609161377e-01
-2.907160669565200806e-02
5.620700865983963013e-02
2.379705905914306641e-01
4.089871644973754883e-01
3.680841624736785889e-01
-2.124782651662826538e-01
2.742518782615661621e-01
1.588077656924724579e-02
1.227743774652481079e-01
3.208564519882202148e-01
-1.254654675722122192e-01
-3.240922093391418457e-02
3.592306375503540039e-01
2.747507393360137939e-02
3.839702308177947998e-01
-9.608408063650131226e-02
2.882551215589046478e-02
2.400386482477188110e-01
-5.727102607488632202e-02
-6.296639796346426010e-03
3.140435814857482910e-01
-7.707494497299194336e-01
2.544165551662445068e-01
-9.442735463380813599e-02
2.759282886981964111e-01
-1.211858987808227539e-01
4.274635016918182373e-02
-8.813755214214324951e-02
3.165326640009880066e-02
2.782019786536693573e-02
-1.141495406627655029e-01
-3.288306295871734619e-01
2.963838279247283936e-01
-9.299292415380477905e-02
-5.154829472303390503e-03
3.121377229690551758e-01
-6.292861700057983398e-02
-9.262069314718246460e-02
3.520925939083099365e-01
3.977155387401580811e-01
-9.046310558915138245e-03
3.377256989479064941e-01
1.968173682689666748e-01
-1.037177145481109619e-01
4.056272506713867188e-01
3.076356053352355957e-01
3.608811199665069580e-01
3.531173169612884521e-01
3.489227592945098877e-01
-1.852495968341827393e-01
-3.091416135430335999e-02
2.702784836292266846e-01
-3.666333213914185762e-04
2.509159445762634277e-01
2.353873401880264282e-01
3.426892757415771484e-01
-1.281566619873046875e-01
3.218724727630615234e-01
-1.306209266185760498e-01
3.833401203155517578e-01
-1.446709632873535156e-01
1.622689887881278992e-03
-4.791907370090484619e-01
-9.131117165088653564e-02
