7.744509726762771606e-02
-3.215998038649559021e-02
-1.385402530431747437e-01
2.689349837601184845e-02
1.570864580571651459e-02
-1.818861439824104309e-02
2.437206171452999115e-02
4.033955335617065430e-01
2.140893042087554932e-01
3.870175778865814209e-01
1.377373933792114258e-01
1.351813375949859619e-01
6.462962925434112549e-02
-4.527130722999572754e-01
4.886143654584884644e-02
4.319406580179929733e-03
4.340080916881561279e-01
8.779066801071166992e-02
-2.297973781824111938e-01
1.179794371128082275e-01
-3.817667718976736069e-03
-2.737242877483367920e-01
1.054939776659011841e-01
8.805563300848007202e-02
2.035830542445182800e-02
-2.844416536390781403e-03
2.806958742439746857e-02
1.072607263922691345e-01
-2.335460297763347626e-02
-4.141749814152717590e-03
1.153987273573875427e-01
1.173875704407691956e-01
1.030567917041480541e-03
8.808746002614498138e-03
-4.923174381256103516e-01
4.113154113292694092e-02
-4.800065606832504272e-02
-4.868230223655700684e-02
5.192230641841888428e-02
1.369415372610092163e-01
5.973334610462188721e-02
-3.189585208892822266e-01
6.132911890745162964e-02
1.742546632885932922e-02
9.097272157669067383e-02
1.041672453284263611e-01
2.126766555011272430e-02
-1.438188701868057251e-01
1.345840245485305786e-01
2.712700981646776199e-03
8.635985851287841797e-02
-2.083347924053668976e-02
-1.824354566633701324e-02
2.711570356041193008e-03
-6.185044646263122559e-01
-4.200659226626157761e-03
8.669660240411758423e-02
-6.652907133102416992e-01
5.766441579908132553e-03
-1.138653792440891266e-02
5.867459625005722046e-02
-4.075883328914642334e-02
-6.595315039157867432e-02
2.376727014780044556e-02
-1.973720639944076538e-02
-3.067706152796745300e-02
-2.545858360826969147e-02
-2.212540507316589355e-01
1.138960123062133789e-01
-1.668791323900222778e-01
-1.705584861338138580e-02
5.256983637809753418e-02
-1.413798239082098007e-02
-5.034967064857482910e-01
5.182676389813423157e-02
1.316084861755371094e-01
-4.575703665614128113e-02
2.837551534175872803e-01
5.157968960702419281e-03
-2.827668096870183945e-03
1.150545552372932434e-01
4.152604341506958008e-01
7.381431758403778076e-02
5.759779363870620728e-02
7.870170474052429199e-02
-3.768983483314514160e-01
3.287398815155029297e-01
7.948152720928192139e-02
-6.877847760915756226e-02
3.083263896405696869e-02
8.632911741733551025e-02
9.574813395738601685e-02
-3.855098038911819458e-02
2.147538363933563232e-01
-3.041725838556885719e-03
1.235253438353538513e-01
8.415120653808116913e-03
-8.043439686298370361e-02
-3.644375503063201904e-01
1.502201613038778305e-02
