5.148090422153472900e-03
6.578837335109710693e-02
3.690045699477195740e-02
4.030470270663499832e-03
-1.394151002168655396e-01
3.778155520558357239e-02
-2.079228498041629791e-02
2.068681865930557251e-01
2.738587856292724609e-01
-5.608372762799263000e-02
-1.188831776380538940e-02
7.856987416744232178e-02
1.620638370513916016e-01
-1.054871827363967896e-02
1.701165735721588135e-01
-4.928164929151535034e-02
1.648986339569091797e-01
1.370641682296991348e-02
1.133072078227996826e-01
1.348258256912231445e-01
-4.418108239769935608e-02
-2.125428169965744019e-01
1.177456155419349670e-01
3.534230962395668030e-02
1.906340867280960083e-01
6.402324885129928589e-02
-1.017862260341644287e-01
3.342028558254241943e-01
-3.144831582903862000e-02
-4.461146891117095947e-02
1.706096380949020386e-01
-2.507357113063335419e-02
2.358090579509735107e-01
1.162912845611572266e-01
5.277055129408836365e-02
8.663876354694366455e-02
1.255384534597396851e-01
7.201006263494491577e-02
6.718666106462478638e-02
9.702128171920776367e-02
-1.704584956169128418e-01
2.577041089534759521e-01
1.405688673257827759e-01
4.553921986371278763e-03
8.226943761110305786e-02
6.524613499641418457e-02
-1.857188344001770020e-01
7.142994552850723267e-02
1.345658749341964722e-01
2.068302184343338013e-01
-8.131422847509384155e-02
8.420716971158981323e-02
1.453403234481811523e-01
1.166443750262260437e-01
2.658798098564147949e-01
3.342023491859436035e-02
1.679428070783615112e-01
3.856685385107994080e-02
1.359727829694747925e-01
1.320559065788984299e-02
-6.588632613420486450e-02
1.078559234738349915e-01
-8.185287937521934509e-03
-5.526385456323623657e-02
1.623428761959075928e-01
-6.771085318177938461e-04
-6.943868845701217651e-02
8.302368968725204468e-02
1.015433520078659058e-01
-5.788015574216842651e-02
1.304906457662582397e-01
-1.298497766256332397e-01
-2.266826480627059937e-02
2.921107113361358643e-01
-6.372921913862228394e-02
-2.698745205998420715e-02
1.562369707971811295e-02
6.666758656501770020e-02
-1.446138918399810791e-01
-8.937361650168895721e-03
-4.677297174930572510e-02
3.986560925841331482e-02
1.276264339685440063e-01
-1.079390719532966614e-01
2.141210585832595825e-01
1.447571963071823120e-01
-5.335804447531700134e-02
3.366363421082496643e-02
2.483339756727218628e-01
-1.129760742187500000e-01
-5.817490629851818085e-03
7.407856732606887817e-02
1.411912739276885986e-01
3.283260017633438110e-02
-3.873505815863609314e-02
8.823454380035400391e-03
1.921559870243072510e-02
-1.714838668704032898e-02
-2.792957052588462830e-02
-5.572040006518363953e-02
