1.584051921963691711e-02
-3.239293769001960754e-02
5.480115115642547607e-02
-2.623938620090484619e-01
-3.296102881431579590e-01
1.240492090582847595e-01
-2.497796155512332916e-02
1.103472635149955750e-01
1.692503988742828369e-01
5.391841754317283630e-02
1.517270691692829132e-03
6.133267283439636230e-02
1.068298071622848511e-01
3.945801258087158203e-01
5.295114964246749878e-02
6.450647860765457153e-02
-1.771758310496807098e-02
9.388693422079086304e-02
7.829423993825912476e-03
-1.391377896070480347e-01
6.079010292887687683e-02
7.456091232597827911e-03
1.057998836040496826e-02
2.173623442649841309e-01
2.544619515538215637e-02
1.044015139341354370e-01
-2.566577121615409851e-02
1.429760158061981201e-01
1.581293940544128418e-01
6.946727633476257324e-02
-7.333469390869140625e-02
-2.213906794786453247e-01
1.419599056243896484e-01
6.602527946233749390e-02
7.676666136831045151e-03
-5.321324337273836136e-03
-9.006259590387344360e-02
-7.817140221595764160e-02
-7.125414442270994186e-03
-2.962090969085693359e-01
6.695682555437088013e-02
-1.368912756443023682e-01
2.434159256517887115e-02
1.186215877532958984e-01
1.408638209104537964e-01
-3.795517608523368835e-02
-4.519208967685699463e-01
1.097345277667045593e-01
7.875927723944187164e-03
3.349361196160316467e-02
1.730491071939468384e-01
2.747711837291717529e-01
5.865087509155273438e-01
3.943153098225593567e-02
1.561077218502759933e-02
-6.933236122131347656e-02
5.453004315495491028e-02
1.912876591086387634e-02
-3.986672963947057724e-03
-7.060986943542957306e-03
1.055075228214263916e-01
3.188121691346168518e-02
8.790065348148345947e-02
7.937002182006835938e-02
6.177635490894317627e-02
2.866996079683303833e-02
-3.820511102676391602e-01
1.171793416142463684e-01
-1.468552798032760620e-01
-9.526538848876953125e-02
3.962583094835281372e-02
-3.627948462963104248e-02
5.984223913401365280e-03
6.339155882596969604e-02
-6.262901425361633301e-02
1.313261920586228371e-03
6.449875235557556152e-02
-6.077714562416076660e-01
5.138651002198457718e-03
1.291110217571258545e-01
-3.939650580286979675e-02
1.150171682238578796e-01
1.356710195541381836e-01
-1.771429926156997681e-01
4.443832337856292725e-01
1.377066820859909058e-01
2.051978372037410736e-03
-3.620571792125701904e-01
1.072657331824302673e-01
-7.138077169656753540e-02
-4.140245169401168823e-02
7.522705197334289551e-02
-1.414663344621658325e-01
-3.665908798575401306e-02
-2.148321457207202911e-02
1.094515249133110046e-01
-1.019293367862701416e-01
5.217722430825233459e-02
-3.672222197055816650e-01
3.013401925563812256e-01
