2.918087840080261230e-01
-9.932844340801239014e-02
8.133113384246826172e-02
2.843338251113891602e-01
8.071193844079971313e-02
-2.146408259868621826e-01
3.094010055065155029e-01
2.476685643196105957e-01
4.150378517806529999e-03
-4.487949982285499573e-02
-2.895833849906921387e-01
3.165916204452514648e-01
5.911654233932495117e-02
3.429507613182067871e-01
-7.366313040256500244e-02
-1.124932169914245605e-01
1.692796796560287476e-01
-9.950799494981765747e-02
1.694362796843051910e-02
-1.160161942243576050e-01
1.397038549184799194e-01
2.821245789527893066e-01
-7.021467387676239014e-02
3.341301977634429932e-01
2.148658782243728638e-01
1.790689975023269653e-01
-1.166813746094703674e-01
3.091424703598022461e-01
-4.688841477036476135e-02
2.648890018463134766e-01
-2.562254369258880615e-01
4.013308882713317871e-01
2.968746721744537354e-01
3.267881926149129868e-03
2.696637511253356934e-01
2.614190280437469482e-01
2.779105603694915771e-01
-2.131177335977554321e-01
2.984555065631866455e-01
-2.516569755971431732e-02
-8.873449265956878662e-02
3.213271200656890869e-01
1.151796057820320129e-02
-3.175876662135124207e-02
3.402366638183593750e-01
2.414410375058650970e-02
3.092826604843139648e-01
-8.944728225469589233e-02
-2.752083353698253632e-02
3.406182229518890381e-01
3.973976373672485352e-01
-5.571613088250160217e-02
2.412745654582977295e-01
3.007826507091522217e-01
3.219520747661590576e-01
3.438495993614196777e-01
1.650685220956802368e-01
-6.446275394409894943e-03
-8.692335337400436401e-03
4.099408537149429321e-02
7.362695783376693726e-02
3.702880740165710449e-01
-4.974873736500740051e-02
2.516702711582183838e-01
2.246106788516044617e-02
2.539874613285064697e-01
5.525100976228713989e-03
7.019619923084974289e-03
-8.913178741931915283e-02
3.021279871463775635e-01
2.816945314407348633e-01
2.165598273277282715e-01
2.403084635734558105e-01
4.448949098587036133e-01
1.462013274431228638e-01
4.100721701979637146e-02
-1.967889443039894104e-02
-2.798740863800048828e-01
1.758411154150962830e-02
-8.126942813396453857e-02
3.526863455772399902e-01
3.016969421878457069e-03
3.453994095325469971e-01
2.790724933147430420e-01
-3.966402262449264526e-02
3.105315864086151123e-01
-1.378200054168701172e-01
3.837433457374572754e-01
-3.065891563892364502e-01
3.696662783622741699e-01
-1.300568729639053345e-01
2.463648766279220581e-01
3.365142047405242920e-01
-5.805905163288116455e-02
-4.041902720928192139e-01
2.953602373600006104e-01
-8.854629844427108765e-02
-5.741141363978385925e-02
-7.715125381946563721e-02
2.333421558141708374e-01
