3.069284856319427490e-01
6.996735930442810059e-02
1.824914515018463135e-01
2.113353163003921509e-01
1.211374625563621521e-01
-3.081377968192100525e-02
5.907332524657249451e-03
8.829315006732940674e-02
9.871995449066162109e-02
-2.252364344894886017e-02
4.703846946358680725e-02
2.003378272056579590e-01
2.207368165254592896e-01
1.563781052827835083e-01
1.748194694519042969e-01
2.469296604394912720e-01
2.318290174007415771e-01
-1.634802110493183136e-02
9.830240160226821899e-02
2.304465472698211670e-01
1.024323776364326477e-01
2.304643690586090088e-01
2.064339816570281982e-01
2.889713943004608154e-01
4.349757730960845947e-02
1.892613172531127930e-01
-9.447813034057617188e-02
1.926305890083312988e-01
-9.003776311874389648e-02
1.358589082956314087e-01
1.684207655489444733e-02
-7.449757307767868042e-02
-4.252437874674797058e-02
-5.054778233170509338e-02
3.425327315926551819e-02
1.003695875406265259e-01
-8.960617333650588989e-02
-5.864231288433074951e-02
2.026964724063873291e-01
2.803784012794494629e-01
2.657964527606964111e-01
3.118557333946228027e-01
3.353581205010414124e-02
8.270014077425003052e-02
-4.491392523050308228e-02
2.519978284835815430e-01
6.377805024385452271e-02
2.240715362131595612e-02
2.061511278152465820e-01
1.715538054704666138e-01
-5.269105732440948486e-02
-2.717793174088001251e-02
9.512627869844436646e-02
2.222564667463302612e-01
2.133437991142272949e-02
7.837234437465667725e-02
2.953442037105560303e-01
1.345335245132446289e-01
-1.022850424051284790e-01
1.504866182804107666e-01
-3.663329780101776123e-02
2.283316850662231445e-01
2.644901871681213379e-01
2.682220637798309326e-01
2.384090870618820190e-01
1.845765300095081329e-02
7.292440533638000488e-02
-1.130567304790019989e-02
1.471019089221954346e-01
-1.930584460496902466e-01
1.810317039489746094e-01
1.775647103786468506e-01
-4.545380547642707825e-02
-1.553784403949975967e-02
3.454684838652610779e-02
-5.112731456756591797e-02
1.063804626464843750e-01
3.348181247711181641e-01
2.127603739500045776e-01
-9.612951427698135376e-03
5.297338590025901794e-02
4.140574485063552856e-02
5.297846347093582153e-02
1.544398218393325806e-01
1.559166163206100464e-01
4.462274536490440369e-02
5.565401632338762283e-03
8.734946697950363159e-02
3.321695029735565186e-01
6.275097280740737915e-02
-1.025283057242631912e-02
3.469617664813995361e-02
-5.939523503184318542e-02
-4.398524761199951172e-02
-8.102275431156158447e-02
8.368953317403793335e-02
1.645646989345550537e-01
8.104772865772247314e-02
-4.481880366802215576e-02
1.876142434775829315e-02
