6.974458694458007812e-02
-2.915712259709835052e-02
-2.005444094538688660e-02
5.617908760905265808e-02
6.726729869842529297e-02
-1.532498653978109360e-02
1.210249587893486023e-01
-7.352571934461593628e-02
-8.137968368828296661e-03
-2.665662467479705811e-01
-1.169222518801689148e-01
1.384112238883972168e-02
-1.387221738696098328e-03
2.454798296093940735e-02
-4.771071672439575195e-02
4.046903178095817566e-02
-2.530849277973175049e-01
2.660422027111053467e-02
5.543658975511789322e-03
-5.481284856796264648e-02
-2.690252382308244705e-03
1.151133999228477478e-01
-7.180945575237274170e-02
-3.748393058776855469e-02
4.701301455497741699e-03
1.300883106887340546e-02
1.393869221210479736e-01
-3.269838402047753334e-03
-3.192089870572090149e-02
-5.913583934307098389e-02
-1.593479514122009277e-02
2.586924470961093903e-02
2.265651524066925049e-02
-2.455943077802658081e-02
1.618604362010955811e-02
-2.480780892074108124e-02
1.277501787990331650e-02
1.517870696261525154e-03
7.972677797079086304e-02
-6.500511169433593750e-01
4.967100173234939575e-02
1.163174360990524292e-01
1.085793152451515198e-01
9.081847034394741058e-03
1.049891784787178040e-01
5.393499135971069336e-02
-7.981405593454837799e-03
-7.825201749801635742e-02
8.183359354734420776e-02
-6.824516505002975464e-02
-5.595241114497184753e-02
-5.737053975462913513e-02
1.256170868873596191e-01
4.227055236697196960e-03
-1.001160033047199249e-02
-4.605009034276008606e-02
-3.719069354701787233e-04
-1.915766857564449310e-02
1.614426728338003159e-03
-6.825327873229980469e-02
-5.991340056061744690e-02
-2.988315932452678680e-02
2.890567481517791748e-02
9.917002916336059570e-02
-1.072574555873870850e-01
2.649981342256069183e-02
-1.943517476320266724e-02
-5.984311178326606750e-02
-2.093019932508468628e-01
-4.507559910416603088e-02
6.140372902154922485e-02
1.019027754664421082e-01
-9.594649076461791992e-02
-3.702216595411300659e-02
2.285592257976531982e-02
-2.053210511803627014e-02
9.041269868612289429e-02
8.206822909414768219e-03
-6.073626223951578140e-03
3.821257501840591431e-03
2.112450152635574341e-01
-8.249299973249435425e-02
1.161755770444869995e-01
6.900961697101593018e-02
-1.571795344352722168e-02
-5.564456805586814880e-02
-7.905050367116928101e-02
-8.908341987989842892e-04
1.436440646648406982e-01
2.488820254802703857e-01
-6.691874563694000244e-02
1.037811413407325745e-01
4.625748097896575928e-02
7.932544499635696411e-02
8.932605385780334473e-02
-3.217026591300964355e-01
1.872053146362304688e-01
1.280232053250074387e-02
1.255662292242050171e-01
-5.923282355070114136e-02
